Nbj = 15
Nbl = 8
Nbm = 4
 p[ j ] = [35, 77, 76, 79, 61, 45, 74, 60, 69, 46, 49, 43, 62, 69, 31, ]
 c[ k ] = [100, 70, 100, 40, 40, 70, 80, 60, ]
 r_jk = [[78, 28, 41, 111, 115, 95, 90, 102, ], [25, 57, 34, 61, 74, 41, 57, 65, ], [92, 56, 58, 97, 82, 101, 58, 68, ], [85, 23, 43, 115, 118, 101, 92, 104, ], [35, 42, 14, 59, 62, 49, 38, 50, ], [12, 70, 44, 50, 65, 28, 54, 59, ], [32, 57, 30, 45, 45, 41, 21, 32, ], [74, 19, 33, 105, 108, 91, 83, 95, ], [63, 90, 69, 43, 21, 60, 20, 13, ], [39, 59, 41, 77, 90, 55, 73, 81, ], [27, 86, 62, 59, 79, 34, 72, 76, ], [91, 51, 54, 97, 84, 100, 59, 69, ], [8, 78, 50, 30, 46, 13, 39, 42, ], [40, 41, 14, 60, 61, 53, 35, 47, ], [71, 79, 63, 60, 40, 73, 26, 29, ], ]
 d[ j ][ k ] = [[156, 56, 82, 222, 230, 190, 180, 204, ], [50, 114, 68, 122, 148, 82, 114, 130, ], [184, 112, 116, 194, 164, 202, 116, 136, ], [170, 46, 86, 230, 236, 202, 184, 208, ], [70, 84, 28, 118, 124, 98, 76, 100, ], [24, 140, 88, 100, 130, 56, 108, 118, ], [64, 114, 60, 90, 90, 82, 42, 64, ], [148, 38, 66, 210, 216, 182, 166, 190, ], [126, 180, 138, 86, 42, 120, 40, 26, ], [78, 118, 82, 154, 180, 110, 146, 162, ], [54, 172, 124, 118, 158, 68, 144, 152, ], [182, 102, 108, 194, 168, 200, 118, 138, ], [16, 156, 100, 60, 92, 26, 78, 84, ], [80, 82, 28, 120, 122, 106, 70, 94, ], [142, 158, 126, 120, 80, 146, 52, 58, ], ]
 S[ i ][ j ] = [[0, 32, 27, 22, 38, 25, 33, 24, 33, 36, 36, 35, 23, 32, 37, ], [24, 0, 36, 25, 34, 36, 32, 26, 35, 27, 29, 40, 36, 20, 38, ], [40, 28, 0, 20, 34, 21, 22, 33, 25, 23, 37, 32, 40, 27, 32, ], [30, 27, 20, 0, 40, 39, 29, 21, 31, 25, 24, 28, 26, 36, 38, ], [22, 37, 23, 20, 0, 29, 26, 31, 29, 21, 33, 22, 20, 35, 34, ], [23, 21, 30, 22, 35, 0, 35, 39, 36, 34, 20, 38, 26, 30, 30, ], [34, 35, 21, 35, 28, 40, 0, 37, 30, 38, 20, 39, 21, 38, 36, ], [31, 35, 40, 34, 32, 33, 28, 0, 33, 39, 21, 30, 34, 28, 22, ], [31, 39, 21, 32, 37, 32, 34, 36, 0, 37, 22, 37, 29, 39, 23, ], [38, 40, 23, 38, 25, 30, 29, 21, 20, 0, 20, 33, 30, 23, 20, ], [27, 33, 34, 38, 23, 21, 27, 29, 26, 30, 0, 36, 29, 24, 40, ], [21, 34, 22, 32, 26, 23, 20, 28, 40, 31, 22, 0, 37, 22, 35, ], [34, 28, 40, 28, 22, 26, 29, 21, 22, 39, 32, 27, 0, 21, 24, ], [29, 39, 29, 37, 20, 32, 30, 39, 23, 34, 39, 28, 24, 0, 38, ], [29, 25, 28, 26, 34, 23, 31, 39, 22, 27, 29, 20, 28, 30, 0, ], ]
 e[ k ] = [5, 26, 12, 26, 6, 7, 16, 20, ]
 s_0j[ j ] = [35, 39, 35, 34, 23, 28, 39, 22, 23, 37, 24, 34, 37, 23, 34, ]
