Nbj = 20
Nbl = 6
Nbm = 3
 p[ j ] = [73, 81, 94, 30, 51, 48, 37, 13, 42, 41, 92, 42, 89, 14, 3, 32, 73, 1, 61, 3, ]
 c[ k ] = [100, 60, 80, 100, 80, 100, ]
 r_jk = [[60, 64, 54, 34, 13, 42, ], [59, 68, 73, 66, 97, 42, ], [21, 75, 23, 9, 52, 27, ], [47, 61, 44, 22, 28, 29, ], [59, 77, 74, 70, 103, 49, ], [82, 32, 82, 60, 39, 44, ], [31, 112, 17, 35, 69, 66, ], [53, 86, 68, 68, 105, 52, ], [79, 29, 80, 58, 42, 40, ], [3, 90, 14, 23, 68, 41, ], [15, 79, 20, 14, 59, 30, ], [32, 87, 47, 50, 91, 44, ], [30, 91, 46, 50, 93, 47, ], [21, 74, 24, 10, 53, 26, ], [54, 72, 68, 64, 97, 42, ], [33, 84, 23, 11, 41, 42, ], [85, 28, 94, 77, 86, 45, ], [67, 48, 64, 42, 23, 37, ], [82, 15, 89, 70, 72, 39, ], [96, 71, 89, 70, 25, 72, ], ]
 d[ j ][ k ] = [[120, 128, 108, 68, 26, 84, ], [118, 136, 146, 132, 194, 84, ], [42, 150, 46, 18, 104, 54, ], [94, 122, 88, 44, 56, 58, ], [118, 154, 148, 140, 206, 98, ], [164, 64, 164, 120, 78, 88, ], [62, 224, 34, 70, 138, 132, ], [106, 172, 136, 136, 210, 104, ], [158, 58, 160, 116, 84, 80, ], [6, 180, 28, 46, 136, 82, ], [30, 158, 40, 28, 118, 60, ], [64, 174, 94, 100, 182, 88, ], [60, 182, 92, 100, 186, 94, ], [42, 148, 48, 20, 106, 52, ], [108, 144, 136, 128, 194, 84, ], [66, 168, 46, 22, 82, 84, ], [170, 56, 188, 154, 172, 90, ], [134, 96, 128, 84, 46, 74, ], [164, 30, 178, 140, 144, 78, ], [192, 142, 178, 140, 50, 144, ], ]
 S[ i ][ j ] = [[0, 28, 39, 25, 30, 39, 35, 35, 20, 29, 39, 25, 32, 22, 22, 37, 22, 40, 29, 33, ], [21, 0, 22, 27, 24, 37, 36, 31, 21, 36, 22, 31, 21, 25, 22, 20, 25, 23, 21, 22, ], [37, 20, 0, 36, 35, 20, 24, 32, 32, 28, 33, 25, 35, 21, 30, 36, 27, 23, 30, 25, ], [35, 23, 25, 0, 28, 30, 33, 21, 28, 32, 23, 30, 26, 26, 36, 34, 28, 39, 31, 30, ], [36, 30, 30, 38, 0, 40, 21, 36, 39, 33, 27, 39, 33, 40, 33, 39, 40, 27, 26, 23, ], [38, 22, 20, 28, 30, 0, 27, 32, 20, 32, 31, 40, 40, 36, 38, 20, 38, 23, 22, 36, ], [23, 37, 29, 38, 33, 39, 0, 33, 20, 22, 33, 33, 31, 29, 40, 23, 20, 30, 27, 39, ], [32, 35, 27, 40, 31, 36, 36, 0, 21, 40, 32, 36, 38, 34, 23, 31, 38, 31, 24, 34, ], [25, 27, 39, 40, 23, 38, 37, 34, 0, 26, 40, 29, 37, 27, 25, 26, 27, 33, 34, 24, ], [35, 20, 23, 31, 30, 21, 24, 38, 23, 0, 26, 39, 31, 20, 35, 38, 32, 28, 21, 24, ], [33, 38, 25, 20, 20, 39, 30, 30, 36, 35, 0, 38, 39, 32, 27, 35, 25, 25, 32, 25, ], [36, 24, 35, 25, 32, 21, 37, 26, 37, 27, 34, 0, 40, 28, 27, 25, 27, 37, 31, 21, ], [34, 31, 34, 28, 26, 38, 34, 26, 31, 40, 25, 24, 0, 35, 25, 24, 37, 32, 31, 23, ], [37, 24, 37, 23, 32, 30, 27, 36, 25, 25, 21, 29, 37, 0, 34, 36, 34, 24, 31, 36, ], [23, 27, 30, 38, 27, 38, 28, 26, 33, 27, 26, 37, 29, 38, 0, 36, 32, 35, 35, 25, ], [39, 34, 40, 32, 35, 37, 23, 25, 24, 20, 34, 25, 32, 24, 34, 0, 27, 28, 24, 25, ], [25, 33, 33, 39, 34, 24, 35, 33, 36, 26, 27, 37, 20, 35, 37, 32, 0, 39, 33, 37, ], [40, 33, 34, 23, 23, 28, 31, 26, 26, 28, 23, 25, 23, 39, 37, 36, 36, 0, 34, 34, ], [20, 22, 24, 31, 36, 40, 27, 38, 34, 21, 28, 34, 23, 34, 24, 24, 31, 40, 0, 28, ], [37, 31, 21, 20, 31, 26, 36, 27, 40, 32, 30, 25, 22, 24, 31, 35, 29, 25, 24, 0, ], ]
 e[ k ] = [15, 12, 30, 27, 15, 12, ]
 s_0j[ j ] = [28, 33, 23, 24, 27, 26, 39, 21, 39, 30, 21, 25, 33, 21, 20, 23, 33, 39, 28, 21, ]
