Nbj = 25
Nbl = 12
Nbm = 6
 p[ j ] = [98, 74, 58, 86, 75, 71, 40, 55, 42, 70, 36, 27, 60, 48, 32, 34, 75, 75, 79, 26, 37, 6, 51, 8, 61, ]
 c[ k ] = [60, 110, 50, 40, 130, 100, 100, 100, 170, 80, 120, 160, ]
 r_jk = [[27, 23, 53, 53, 68, 82, 26, 17, 15, 82, 63, 62, ], [5, 23, 34, 26, 78, 88, 18, 16, 39, 80, 61, 78, ], [60, 33, 55, 69, 25, 40, 39, 41, 31, 48, 32, 22, ], [95, 68, 78, 96, 14, 10, 73, 78, 70, 35, 37, 28, ], [57, 37, 25, 45, 46, 47, 36, 46, 57, 30, 17, 59, ], [97, 73, 97, 110, 40, 54, 79, 79, 58, 76, 67, 23, ], [77, 56, 85, 95, 44, 61, 62, 60, 38, 77, 64, 26, ], [39, 17, 48, 55, 48, 62, 22, 21, 11, 64, 45, 43, ], [106, 81, 101, 116, 36, 45, 86, 88, 70, 69, 66, 25, ], [104, 81, 105, 118, 45, 57, 86, 86, 66, 80, 73, 29, ], [69, 51, 82, 90, 51, 68, 57, 53, 29, 81, 66, 34, ], [16, 13, 28, 28, 67, 77, 8, 10, 34, 69, 50, 68, ], [75, 50, 74, 87, 25, 42, 56, 57, 40, 58, 46, 8, ], [95, 69, 73, 93, 21, 4, 72, 79, 75, 25, 32, 38, ], [43, 45, 75, 72, 83, 98, 48, 38, 27, 102, 82, 72, ], [90, 64, 68, 87, 19, 4, 67, 74, 71, 21, 27, 37, ], [91, 64, 76, 93, 9, 15, 68, 73, 63, 38, 37, 21, ], [65, 38, 56, 71, 18, 33, 43, 47, 38, 42, 27, 20, ], [70, 62, 94, 96, 77, 94, 66, 59, 37, 105, 88, 61, ], [57, 30, 48, 63, 25, 38, 34, 39, 34, 42, 25, 28, ], [45, 41, 72, 72, 73, 89, 44, 36, 19, 94, 75, 62, ], [74, 52, 41, 62, 43, 37, 53, 62, 70, 15, 16, 59, ], [88, 64, 89, 102, 33, 48, 70, 70, 51, 68, 59, 15, ], [71, 56, 87, 93, 60, 77, 61, 56, 32, 90, 74, 44, ], [41, 14, 41, 51, 42, 54, 20, 23, 22, 54, 34, 41, ], ]
 d[ j ][ k ] = [[54, 46, 106, 106, 136, 164, 52, 34, 30, 164, 126, 124, ], [10, 46, 68, 52, 156, 176, 36, 32, 78, 160, 122, 156, ], [120, 66, 110, 138, 50, 80, 78, 82, 62, 96, 64, 44, ], [190, 136, 156, 192, 28, 20, 146, 156, 140, 70, 74, 56, ], [114, 74, 50, 90, 92, 94, 72, 92, 114, 60, 34, 118, ], [194, 146, 194, 220, 80, 108, 158, 158, 116, 152, 134, 46, ], [154, 112, 170, 190, 88, 122, 124, 120, 76, 154, 128, 52, ], [78, 34, 96, 110, 96, 124, 44, 42, 22, 128, 90, 86, ], [212, 162, 202, 232, 72, 90, 172, 176, 140, 138, 132, 50, ], [208, 162, 210, 236, 90, 114, 172, 172, 132, 160, 146, 58, ], [138, 102, 164, 180, 102, 136, 114, 106, 58, 162, 132, 68, ], [32, 26, 56, 56, 134, 154, 16, 20, 68, 138, 100, 136, ], [150, 100, 148, 174, 50, 84, 112, 114, 80, 116, 92, 16, ], [190, 138, 146, 186, 42, 8, 144, 158, 150, 50, 64, 76, ], [86, 90, 150, 144, 166, 196, 96, 76, 54, 204, 164, 144, ], [180, 128, 136, 174, 38, 8, 134, 148, 142, 42, 54, 74, ], [182, 128, 152, 186, 18, 30, 136, 146, 126, 76, 74, 42, ], [130, 76, 112, 142, 36, 66, 86, 94, 76, 84, 54, 40, ], [140, 124, 188, 192, 154, 188, 132, 118, 74, 210, 176, 122, ], [114, 60, 96, 126, 50, 76, 68, 78, 68, 84, 50, 56, ], [90, 82, 144, 144, 146, 178, 88, 72, 38, 188, 150, 124, ], [148, 104, 82, 124, 86, 74, 106, 124, 140, 30, 32, 118, ], [176, 128, 178, 204, 66, 96, 140, 140, 102, 136, 118, 30, ], [142, 112, 174, 186, 120, 154, 122, 112, 64, 180, 148, 88, ], [82, 28, 82, 102, 84, 108, 40, 46, 44, 108, 68, 82, ], ]
 S[ i ][ j ] = [[0, 36, 30, 23, 21, 36, 34, 24, 38, 34, 34, 21, 33, 23, 25, 28, 39, 20, 22, 25, 34, 24, 37, 26, 35, ], [32, 0, 39, 37, 36, 36, 26, 38, 30, 26, 27, 26, 25, 20, 30, 34, 22, 30, 31, 35, 31, 30, 21, 40, 31, ], [31, 24, 0, 20, 36, 21, 21, 30, 28, 25, 25, 35, 27, 25, 37, 27, 31, 39, 33, 27, 34, 38, 37, 36, 31, ], [32, 28, 25, 0, 40, 36, 20, 25, 32, 39, 22, 31, 25, 20, 24, 32, 40, 34, 33, 38, 21, 34, 25, 30, 21, ], [32, 22, 40, 28, 0, 26, 39, 30, 33, 20, 29, 20, 24, 29, 26, 25, 23, 32, 22, 28, 22, 37, 33, 21, 35, ], [21, 36, 20, 38, 40, 0, 23, 38, 37, 35, 33, 20, 29, 34, 23, 31, 26, 36, 29, 29, 34, 31, 33, 21, 32, ], [38, 33, 33, 22, 34, 30, 0, 33, 28, 25, 35, 31, 29, 24, 23, 22, 31, 39, 29, 21, 37, 29, 26, 33, 34, ], [23, 26, 29, 36, 21, 37, 29, 0, 36, 24, 24, 24, 38, 36, 25, 37, 31, 35, 26, 40, 37, 21, 26, 29, 25, ], [35, 40, 38, 22, 26, 24, 31, 31, 0, 37, 24, 31, 23, 22, 40, 35, 29, 25, 37, 28, 29, 23, 22, 24, 38, ], [25, 30, 26, 30, 21, 35, 39, 35, 40, 0, 29, 38, 27, 28, 25, 26, 31, 20, 32, 39, 21, 39, 20, 22, 22, ], [35, 39, 28, 35, 34, 26, 37, 32, 26, 23, 0, 36, 22, 33, 23, 24, 25, 37, 32, 34, 36, 26, 33, 36, 38, ], [38, 25, 26, 20, 32, 26, 28, 28, 31, 32, 40, 0, 40, 30, 22, 30, 38, 28, 21, 33, 26, 39, 32, 32, 39, ], [33, 34, 31, 34, 34, 40, 33, 31, 37, 32, 32, 39, 0, 36, 34, 30, 35, 29, 26, 33, 37, 30, 21, 26, 28, ], [24, 21, 32, 39, 23, 20, 36, 27, 25, 31, 20, 20, 25, 0, 20, 27, 38, 23, 32, 35, 26, 30, 35, 22, 34, ], [34, 37, 21, 21, 35, 36, 31, 39, 38, 20, 23, 36, 34, 31, 0, 34, 35, 33, 27, 33, 36, 32, 38, 26, 27, ], [23, 29, 28, 36, 27, 20, 40, 38, 30, 32, 20, 37, 28, 22, 33, 0, 25, 31, 35, 35, 24, 34, 38, 27, 39, ], [20, 23, 40, 24, 36, 35, 27, 22, 34, 37, 40, 26, 23, 36, 33, 25, 0, 33, 31, 30, 38, 38, 25, 38, 28, ], [21, 27, 38, 33, 31, 23, 20, 35, 35, 27, 27, 35, 30, 27, 29, 32, 40, 0, 23, 23, 29, 20, 40, 37, 31, ], [39, 21, 31, 20, 25, 28, 31, 25, 33, 32, 37, 39, 33, 21, 39, 26, 23, 29, 0, 25, 31, 36, 24, 31, 39, ], [38, 38, 25, 21, 22, 40, 20, 33, 40, 35, 28, 36, 20, 20, 30, 31, 29, 39, 34, 0, 32, 24, 29, 31, 20, ], [31, 39, 38, 40, 37, 40, 29, 22, 36, 39, 34, 30, 22, 22, 30, 28, 22, 20, 21, 24, 0, 35, 38, 23, 33, ], [39, 26, 29, 27, 35, 28, 20, 27, 35, 26, 35, 38, 34, 35, 21, 28, 31, 31, 38, 32, 38, 0, 23, 34, 21, ], [26, 29, 24, 31, 23, 27, 23, 21, 29, 34, 20, 38, 23, 33, 25, 25, 27, 35, 26, 36, 31, 36, 0, 21, 31, ], [36, 23, 37, 24, 26, 24, 20, 22, 39, 21, 27, 28, 22, 27, 36, 22, 38, 37, 36, 39, 26, 34, 20, 0, 28, ], [34, 24, 40, 40, 36, 22, 35, 32, 40, 27, 31, 40, 30, 22, 27, 33, 24, 24, 28, 26, 33, 32, 28, 21, 0, ], ]
 e[ k ] = [12, 10, 24, 22, 29, 22, 8, 12, 26, 26, 21, 28, ]
 s_0j[ j ] = [37, 37, 40, 28, 28, 27, 34, 28, 29, 31, 22, 30, 39, 25, 21, 25, 35, 24, 35, 40, 40, 32, 31, 39, 31, ]
