Nbj = 5
Nbl = 6
Nbm = 3
 p[ j ] = [57, 60, 34, 83, 76, ]
 c[ k ] = [30, 30, 40, 30, 40, 50, ]
 r_jk = [[11, 65, 24, 29, 29, 49, ], [56, 61, 73, 41, 39, 39, ], [74, 48, 82, 64, 45, 32, ], [40, 44, 20, 55, 23, 37, ], [93, 17, 80, 95, 55, 37, ], ]
 d[ j ][ k ] = [[22, 130, 48, 58, 58, 98, ], [112, 122, 146, 82, 78, 78, ], [148, 96, 164, 128, 90, 64, ], [80, 88, 40, 110, 46, 74, ], [186, 34, 160, 190, 110, 74, ], ]
 S[ i ][ j ] = [[0, 36, 22, 25, 33, ], [36, 0, 26, 27, 29, ], [33, 23, 0, 20, 21, ], [27, 22, 24, 0, 26, ], [39, 32, 26, 39, 0, ], ]
 e[ k ] = [13, 15, 13, 17, 13, 14, ]
 s_0j[ j ] = [32, 21, 25, 36, 33, ]
