Nbj = 25
Nbl = 10
Nbm = 5
 p[ j ] = [91, 52, 48, 64, 24, 58, 18, 63, 72, 67, 81, 53, 23, 41, 29, 49, 51, 72, 42, 89, 100, 24, 23, 55, 12, ]
 c[ k ] = [80, 120, 120, 70, 100, 120, 70, 90, 140, 60, ]
 r_jk = [[21, 47, 47, 96, 92, 53, 105, 56, 51, 93, ], [56, 21, 30, 61, 43, 18, 58, 32, 11, 35, ], [58, 35, 30, 21, 27, 31, 34, 75, 43, 42, ], [22, 47, 39, 72, 79, 51, 87, 81, 57, 87, ], [61, 34, 44, 81, 62, 35, 77, 13, 23, 51, ], [38, 21, 12, 41, 42, 20, 52, 63, 32, 50, ], [66, 30, 35, 46, 24, 24, 40, 50, 27, 17, ], [18, 22, 22, 73, 67, 28, 80, 45, 27, 68, ], [45, 62, 52, 68, 82, 64, 86, 101, 74, 95, ], [28, 21, 11, 51, 52, 23, 62, 62, 33, 59, ], [78, 48, 58, 86, 63, 47, 78, 24, 37, 48, ], [50, 40, 48, 94, 79, 44, 95, 15, 33, 72, ], [67, 40, 37, 15, 18, 35, 23, 77, 46, 35, ], [60, 39, 33, 18, 28, 35, 33, 79, 47, 44, ], [72, 43, 53, 83, 61, 42, 77, 20, 32, 47, ], [93, 61, 61, 27, 16, 55, 7, 88, 63, 27, ], [14, 38, 38, 87, 83, 44, 96, 52, 43, 84, ], [47, 10, 18, 52, 38, 6, 53, 41, 9, 36, ], [86, 59, 69, 98, 75, 59, 90, 26, 48, 59, ], [39, 27, 34, 82, 69, 31, 84, 23, 21, 63, ], [45, 16, 13, 39, 34, 13, 46, 57, 25, 40, ], [22, 35, 37, 87, 80, 41, 94, 42, 36, 79, ], [63, 26, 32, 47, 27, 21, 42, 47, 23, 20, ], [89, 56, 57, 28, 11, 50, 10, 83, 57, 22, ], [35, 56, 47, 70, 81, 59, 87, 93, 67, 92, ], ]
 d[ j ][ k ] = [[42, 94, 94, 192, 184, 106, 210, 112, 102, 186, ], [112, 42, 60, 122, 86, 36, 116, 64, 22, 70, ], [116, 70, 60, 42, 54, 62, 68, 150, 86, 84, ], [44, 94, 78, 144, 158, 102, 174, 162, 114, 174, ], [122, 68, 88, 162, 124, 70, 154, 26, 46, 102, ], [76, 42, 24, 82, 84, 40, 104, 126, 64, 100, ], [132, 60, 70, 92, 48, 48, 80, 100, 54, 34, ], [36, 44, 44, 146, 134, 56, 160, 90, 54, 136, ], [90, 124, 104, 136, 164, 128, 172, 202, 148, 190, ], [56, 42, 22, 102, 104, 46, 124, 124, 66, 118, ], [156, 96, 116, 172, 126, 94, 156, 48, 74, 96, ], [100, 80, 96, 188, 158, 88, 190, 30, 66, 144, ], [134, 80, 74, 30, 36, 70, 46, 154, 92, 70, ], [120, 78, 66, 36, 56, 70, 66, 158, 94, 88, ], [144, 86, 106, 166, 122, 84, 154, 40, 64, 94, ], [186, 122, 122, 54, 32, 110, 14, 176, 126, 54, ], [28, 76, 76, 174, 166, 88, 192, 104, 86, 168, ], [94, 20, 36, 104, 76, 12, 106, 82, 18, 72, ], [172, 118, 138, 196, 150, 118, 180, 52, 96, 118, ], [78, 54, 68, 164, 138, 62, 168, 46, 42, 126, ], [90, 32, 26, 78, 68, 26, 92, 114, 50, 80, ], [44, 70, 74, 174, 160, 82, 188, 84, 72, 158, ], [126, 52, 64, 94, 54, 42, 84, 94, 46, 40, ], [178, 112, 114, 56, 22, 100, 20, 166, 114, 44, ], [70, 112, 94, 140, 162, 118, 174, 186, 134, 184, ], ]
 S[ i ][ j ] = [[0, 39, 40, 26, 36, 32, 38, 25, 27, 31, 31, 39, 40, 21, 24, 34, 29, 31, 35, 24, 29, 25, 29, 40, 20, ], [29, 0, 24, 25, 40, 36, 36, 38, 36, 35, 31, 23, 29, 36, 38, 26, 36, 40, 23, 23, 24, 24, 38, 25, 40, ], [32, 28, 0, 39, 28, 27, 22, 36, 37, 22, 23, 34, 34, 32, 34, 35, 32, 36, 20, 21, 22, 38, 23, 34, 35, ], [23, 30, 40, 0, 32, 30, 37, 23, 37, 40, 40, 22, 27, 38, 27, 37, 28, 26, 34, 35, 32, 25, 39, 23, 35, ], [38, 21, 34, 31, 0, 30, 30, 39, 33, 30, 40, 29, 24, 35, 29, 20, 28, 37, 36, 30, 36, 25, 29, 32, 22, ], [26, 21, 38, 30, 31, 0, 29, 27, 39, 24, 20, 32, 23, 37, 34, 30, 39, 36, 31, 31, 38, 30, 29, 33, 20, ], [35, 27, 28, 35, 31, 28, 0, 21, 25, 28, 24, 33, 22, 31, 23, 36, 37, 36, 22, 29, 39, 29, 29, 27, 22, ], [26, 32, 21, 31, 24, 28, 39, 0, 26, 27, 27, 27, 28, 40, 31, 24, 20, 22, 24, 24, 22, 37, 40, 27, 21, ], [31, 24, 33, 36, 32, 25, 24, 27, 0, 28, 33, 36, 35, 28, 28, 27, 27, 36, 33, 29, 30, 24, 23, 26, 29, ], [24, 40, 40, 22, 27, 27, 34, 35, 29, 0, 37, 35, 39, 20, 38, 21, 30, 36, 36, 30, 23, 29, 21, 33, 35, ], [31, 38, 40, 22, 22, 27, 21, 30, 28, 34, 0, 30, 37, 33, 25, 25, 25, 21, 29, 38, 22, 36, 38, 31, 30, ], [31, 29, 29, 27, 30, 40, 22, 40, 39, 25, 26, 0, 39, 33, 37, 31, 35, 30, 31, 29, 39, 29, 28, 30, 22, ], [23, 23, 30, 21, 30, 26, 39, 26, 37, 28, 28, 31, 0, 21, 34, 20, 40, 20, 39, 21, 24, 24, 36, 33, 20, ], [29, 34, 32, 23, 29, 20, 33, 29, 26, 28, 29, 33, 26, 0, 28, 33, 20, 31, 31, 30, 23, 26, 33, 36, 40, ], [22, 40, 25, 23, 26, 20, 40, 23, 23, 40, 37, 22, 25, 21, 0, 25, 28, 23, 22, 30, 31, 35, 30, 34, 36, ], [31, 39, 34, 38, 33, 31, 26, 39, 30, 38, 20, 28, 25, 22, 36, 0, 26, 32, 22, 31, 31, 39, 32, 32, 40, ], [24, 28, 24, 31, 37, 35, 25, 29, 32, 27, 20, 28, 31, 24, 28, 37, 0, 39, 34, 25, 24, 31, 33, 29, 24, ], [21, 23, 20, 29, 39, 21, 22, 31, 21, 22, 30, 30, 30, 31, 23, 38, 28, 0, 38, 23, 38, 25, 30, 27, 25, ], [28, 27, 26, 28, 26, 20, 32, 30, 24, 40, 34, 34, 31, 36, 28, 30, 40, 22, 0, 30, 37, 37, 29, 28, 32, ], [31, 36, 32, 23, 23, 22, 35, 29, 22, 38, 26, 33, 38, 25, 21, 33, 34, 36, 27, 0, 28, 29, 31, 29, 28, ], [40, 33, 34, 25, 35, 20, 25, 31, 40, 30, 29, 32, 31, 35, 30, 26, 20, 26, 40, 22, 0, 37, 21, 38, 32, ], [29, 31, 35, 30, 33, 30, 26, 27, 29, 40, 36, 20, 21, 32, 20, 33, 32, 25, 35, 33, 32, 0, 33, 23, 28, ], [40, 40, 30, 32, 28, 23, 21, 20, 23, 31, 23, 36, 26, 30, 31, 22, 22, 21, 25, 23, 32, 24, 0, 28, 35, ], [37, 39, 27, 23, 29, 24, 38, 20, 23, 21, 34, 36, 28, 36, 23, 30, 39, 34, 34, 23, 21, 31, 27, 0, 36, ], [27, 36, 20, 38, 22, 28, 32, 21, 34, 35, 22, 30, 28, 27, 28, 29, 23, 25, 29, 21, 30, 30, 25, 21, 0, ], ]
 e[ k ] = [5, 29, 30, 6, 9, 30, 10, 22, 5, 16, ]
 s_0j[ j ] = [39, 39, 22, 36, 36, 32, 24, 20, 31, 39, 37, 35, 23, 35, 39, 39, 20, 29, 33, 27, 22, 28, 27, 28, 25, ]
