Nbj = 10
Nbl = 8
Nbm = 4
 p[ j ] = [57, 60, 34, 83, 76, 75, 29, 8, 61, 2, ]
 c[ k ] = [60, 50, 50, 50, 50, 60, 50, 50, ]
 r_jk = [[6, 57, 41, 20, 21, 25, 33, 28, ], [26, 85, 69, 8, 7, 6, 56, 11, ], [39, 85, 74, 39, 43, 37, 78, 53, ], [39, 49, 43, 54, 57, 56, 60, 67, ], [47, 24, 12, 62, 62, 67, 19, 65, ], [48, 25, 24, 66, 67, 69, 50, 75, ], [24, 81, 67, 18, 22, 16, 63, 32, ], [46, 14, 5, 63, 64, 67, 33, 69, ], [57, 60, 59, 71, 74, 72, 79, 84, ], [32, 62, 53, 43, 47, 44, 63, 57, ], ]
 d[ j ][ k ] = [[12, 114, 82, 40, 42, 50, 66, 56, ], [52, 170, 138, 16, 14, 12, 112, 22, ], [78, 170, 148, 78, 86, 74, 156, 106, ], [78, 98, 86, 108, 114, 112, 120, 134, ], [94, 48, 24, 124, 124, 134, 38, 130, ], [96, 50, 48, 132, 134, 138, 100, 150, ], [48, 162, 134, 36, 44, 32, 126, 64, ], [92, 28, 10, 126, 128, 134, 66, 138, ], [114, 120, 118, 142, 148, 144, 158, 168, ], [64, 124, 106, 86, 94, 88, 126, 114, ], ]
 S[ i ][ j ] = [[0, 33, 20, 39, 26, 24, 21, 39, 24, 30, ], [33, 0, 36, 40, 29, 27, 37, 37, 21, 21, ], [29, 28, 0, 32, 30, 29, 21, 29, 20, 40, ], [21, 26, 30, 0, 25, 35, 31, 28, 24, 33, ], [26, 30, 39, 26, 0, 38, 22, 25, 29, 21, ], [39, 26, 39, 28, 38, 0, 39, 29, 24, 22, ], [32, 27, 28, 30, 34, 32, 0, 20, 24, 26, ], [21, 29, 30, 38, 39, 34, 39, 0, 38, 34, ], [25, 25, 31, 40, 22, 35, 20, 26, 0, 22, ], [36, 28, 30, 30, 21, 21, 29, 20, 27, 0, ], ]
 e[ k ] = [20, 25, 22, 11, 11, 5, 22, 16, ]
 s_0j[ j ] = [30, 32, 38, 35, 27, 28, 23, 21, 38, 29, ]
