Nbj = 15
Nbl = 6
Nbm = 3
 p[ j ] = [35, 77, 76, 79, 61, 45, 74, 60, 69, 46, 49, 43, 62, 69, 31, ]
 c[ k ] = [100, 60, 70, 60, 90, 40, ]
 r_jk = [[79, 29, 43, 89, 79, 109, ], [25, 58, 34, 35, 25, 60, ], [92, 55, 56, 111, 95, 95, ], [85, 24, 45, 97, 86, 114, ], [35, 42, 14, 53, 37, 57, ], [13, 70, 44, 21, 11, 49, ], [32, 56, 29, 51, 35, 43, ], [75, 20, 35, 87, 76, 104, ], [62, 89, 67, 78, 65, 41, ], [40, 59, 43, 44, 39, 76, ], [28, 86, 63, 16, 24, 59, ], [90, 50, 53, 110, 93, 95, ], [7, 78, 50, 23, 10, 29, ], [40, 40, 13, 58, 42, 59, ], [70, 78, 61, 88, 74, 58, ], ]
 d[ j ][ k ] = [[158, 58, 86, 178, 158, 218, ], [50, 116, 68, 70, 50, 120, ], [184, 110, 112, 222, 190, 190, ], [170, 48, 90, 194, 172, 228, ], [70, 84, 28, 106, 74, 114, ], [26, 140, 88, 42, 22, 98, ], [64, 112, 58, 102, 70, 86, ], [150, 40, 70, 174, 152, 208, ], [124, 178, 134, 156, 130, 82, ], [80, 118, 86, 88, 78, 152, ], [56, 172, 126, 32, 48, 118, ], [180, 100, 106, 220, 186, 190, ], [14, 156, 100, 46, 20, 58, ], [80, 80, 26, 116, 84, 118, ], [140, 156, 122, 176, 148, 116, ], ]
 S[ i ][ j ] = [[0, 21, 34, 22, 32, 26, 23, 20, 28, 40, 31, 22, 35, 37, 22, ], [31, 0, 28, 40, 28, 22, 26, 29, 21, 22, 39, 32, 27, 27, 21, ], [24, 29, 0, 29, 37, 20, 32, 30, 39, 23, 34, 39, 28, 24, 28, ], [23, 29, 25, 0, 26, 34, 23, 31, 39, 22, 27, 29, 20, 28, 30, ], [39, 32, 27, 22, 0, 25, 33, 24, 33, 36, 36, 35, 23, 32, 37, ], [24, 38, 36, 25, 34, 0, 32, 26, 35, 27, 29, 40, 36, 20, 38, ], [40, 28, 33, 20, 34, 21, 0, 33, 25, 23, 37, 32, 40, 27, 32, ], [30, 27, 20, 29, 40, 39, 29, 0, 31, 25, 24, 28, 26, 36, 38, ], [22, 37, 23, 20, 28, 29, 26, 31, 0, 21, 33, 22, 20, 35, 34, ], [23, 21, 30, 22, 35, 28, 35, 39, 36, 0, 20, 38, 26, 30, 30, ], [34, 35, 21, 35, 28, 40, 34, 37, 30, 38, 0, 39, 21, 38, 36, ], [31, 35, 40, 34, 32, 33, 28, 39, 33, 39, 21, 0, 34, 28, 22, ], [31, 39, 21, 32, 37, 32, 34, 36, 20, 37, 22, 37, 0, 39, 23, ], [38, 40, 23, 38, 25, 30, 29, 21, 20, 31, 20, 33, 30, 0, 20, ], [27, 33, 34, 38, 23, 21, 27, 29, 26, 30, 31, 36, 29, 24, 0, ], ]
 e[ k ] = [22, 26, 8, 22, 5, 26, ]
 s_0j[ j ] = [35, 24, 38, 40, 35, 39, 35, 34, 23, 28, 39, 22, 23, 37, 24, ]
