Nbj = 20
Nbl = 4
Nbm = 2
 p[ j ] = [63, 61, 83, 77, 84, 14, 94, 18, 5, 9, 75, 34, 80, 6, 36, 75, 94, 75, 10, 40, ]
 c[ k ] = [70, 100, 70, 80, ]
 r_jk = [[36, 53, 51, 30, ], [24, 8, 19, 29, ], [45, 32, 29, 58, ], [33, 47, 39, 44, ], [73, 55, 61, 79, ], [30, 47, 46, 25, ], [22, 31, 35, 5, ], [36, 53, 46, 43, ], [48, 45, 55, 35, ], [32, 16, 17, 43, ], [66, 58, 51, 82, ], [43, 26, 35, 46, ], [56, 57, 66, 39, ], [26, 24, 33, 17, ], [38, 56, 51, 41, ], [38, 22, 32, 40, ], [66, 61, 53, 83, ], [3, 21, 19, 16, ], [43, 60, 55, 45, ], [42, 30, 26, 56, ], ]
 d[ j ][ k ] = [[72, 106, 102, 60, ], [48, 16, 38, 58, ], [90, 64, 58, 116, ], [66, 94, 78, 88, ], [146, 110, 122, 158, ], [60, 94, 92, 50, ], [44, 62, 70, 10, ], [72, 106, 92, 86, ], [96, 90, 110, 70, ], [64, 32, 34, 86, ], [132, 116, 102, 164, ], [86, 52, 70, 92, ], [112, 114, 132, 78, ], [52, 48, 66, 34, ], [76, 112, 102, 82, ], [76, 44, 64, 80, ], [132, 122, 106, 166, ], [6, 42, 38, 32, ], [86, 120, 110, 90, ], [84, 60, 52, 112, ], ]
 S[ i ][ j ] = [[0, 39, 25, 20, 32, 38, 25, 37, 21, 22, 35, 30, 22, 37, 29, 20, 36, 26, 37, 21, ], [25, 0, 20, 22, 23, 39, 35, 24, 39, 34, 33, 25, 27, 39, 22, 25, 33, 37, 21, 32, ], [39, 25, 0, 35, 25, 26, 32, 21, 21, 34, 27, 30, 32, 31, 21, 36, 29, 39, 39, 24, ], [37, 28, 25, 0, 32, 32, 28, 30, 27, 32, 29, 24, 30, 28, 23, 25, 32, 20, 21, 23, ], [30, 25, 22, 29, 0, 40, 37, 23, 23, 37, 29, 26, 37, 34, 22, 28, 22, 20, 36, 33, ], [30, 34, 29, 29, 37, 0, 25, 24, 35, 35, 36, 23, 24, 38, 35, 31, 36, 35, 28, 38, ], [29, 26, 32, 35, 37, 24, 0, 22, 34, 39, 25, 35, 38, 27, 40, 28, 40, 32, 22, 29, ], [26, 23, 33, 29, 33, 24, 24, 0, 37, 25, 33, 38, 25, 36, 39, 29, 21, 20, 34, 40, ], [37, 23, 27, 21, 23, 24, 29, 38, 0, 38, 38, 39, 26, 37, 30, 35, 21, 23, 25, 36, ], [29, 36, 30, 35, 28, 29, 22, 36, 24, 0, 31, 32, 24, 36, 40, 40, 25, 23, 23, 33, ], [31, 21, 31, 33, 25, 29, 34, 29, 35, 22, 0, 22, 25, 26, 33, 30, 21, 23, 20, 26, ], [40, 35, 26, 39, 38, 28, 30, 25, 40, 24, 39, 0, 20, 38, 29, 34, 40, 30, 24, 24, ], [29, 25, 32, 38, 32, 36, 20, 33, 21, 37, 24, 33, 0, 36, 35, 38, 36, 25, 21, 28, ], [39, 36, 28, 21, 21, 28, 24, 36, 34, 24, 26, 33, 20, 0, 29, 30, 22, 32, 34, 29, ], [20, 40, 20, 34, 25, 20, 21, 22, 32, 21, 22, 28, 38, 24, 0, 29, 23, 24, 23, 23, ], [38, 34, 31, 36, 38, 30, 37, 21, 37, 32, 31, 20, 38, 38, 26, 0, 29, 38, 40, 29, ], [23, 35, 38, 32, 21, 25, 26, 23, 30, 40, 38, 24, 29, 35, 21, 40, 0, 34, 37, 37, ], [31, 22, 20, 25, 29, 28, 27, 38, 23, 31, 23, 37, 25, 33, 28, 21, 27, 0, 20, 31, ], [23, 34, 27, 30, 20, 31, 29, 32, 25, 38, 36, 35, 27, 21, 33, 20, 29, 39, 0, 38, ], [33, 36, 34, 22, 31, 39, 33, 25, 27, 22, 32, 31, 29, 32, 31, 26, 30, 31, 37, 0, ], ]
 e[ k ] = [27, 12, 7, 18, ]
 s_0j[ j ] = [35, 28, 38, 34, 37, 40, 31, 36, 21, 25, 37, 30, 38, 23, 35, 40, 27, 40, 40, 33, ]
