Nbj = 10
Nbl = 12
Nbm = 6
 p[ j ] = [35, 77, 76, 79, 61, 45, 74, 60, 69, 46, ]
 c[ k ] = [30, 70, 30, 30, 50, 70, 80, 40, 50, 30, 40, 90, ]
 r_jk = [[56, 40, 82, 47, 71, 50, 22, 43, 50, 50, 40, 31, ], [57, 37, 61, 59, 52, 38, 42, 56, 57, 53, 47, 22, ], [55, 43, 47, 77, 7, 24, 87, 77, 102, 58, 63, 62, ], [33, 16, 82, 32, 58, 30, 42, 30, 73, 27, 20, 47, ], [69, 50, 62, 68, 61, 51, 39, 64, 45, 65, 58, 9, ], [94, 76, 91, 82, 96, 83, 30, 76, 13, 87, 76, 32, ], [62, 53, 49, 86, 9, 34, 99, 87, 114, 66, 72, 74, ], [101, 82, 83, 92, 94, 85, 43, 87, 13, 95, 85, 28, ], [95, 75, 43, 98, 64, 69, 67, 94, 53, 92, 86, 24, ], [52, 32, 54, 60, 38, 27, 54, 58, 69, 50, 47, 32, ], ]
 d[ j ][ k ] = [[112, 80, 164, 94, 142, 100, 44, 86, 100, 100, 80, 62, ], [114, 74, 122, 118, 104, 76, 84, 112, 114, 106, 94, 44, ], [110, 86, 94, 154, 14, 48, 174, 154, 204, 116, 126, 124, ], [66, 32, 164, 64, 116, 60, 84, 60, 146, 54, 40, 94, ], [138, 100, 124, 136, 122, 102, 78, 128, 90, 130, 116, 18, ], [188, 152, 182, 164, 192, 166, 60, 152, 26, 174, 152, 64, ], [124, 106, 98, 172, 18, 68, 198, 174, 228, 132, 144, 148, ], [202, 164, 166, 184, 188, 170, 86, 174, 26, 190, 170, 56, ], [190, 150, 86, 196, 128, 138, 134, 188, 106, 184, 172, 48, ], [104, 64, 108, 120, 76, 54, 108, 116, 138, 100, 94, 64, ], ]
 S[ i ][ j ] = [[0, 30, 29, 39, 20, 29, 32, 40, 20, 32, ], [33, 0, 29, 40, 23, 28, 38, 28, 34, 30, ], [25, 23, 0, 33, 30, 22, 38, 35, 25, 21, ], [21, 34, 38, 0, 21, 25, 32, 28, 36, 23, ], [31, 31, 28, 28, 0, 20, 28, 32, 21, 26, ], [24, 31, 27, 39, 21, 0, 37, 37, 39, 32, ], [23, 38, 37, 25, 23, 20, 0, 25, 29, 23, ], [39, 27, 21, 27, 34, 22, 38, 0, 28, 33, ], [24, 21, 35, 36, 22, 35, 34, 26, 0, 32, ], [40, 34, 35, 33, 40, 34, 34, 22, 33, 0, ], ]
 e[ k ] = [18, 18, 10, 12, 21, 6, 19, 28, 26, 28, 25, 6, ]
 s_0j[ j ] = [29, 26, 35, 34, 28, 34, 29, 27, 20, 29, ]
