Nbj = 20
Nbl = 12
Nbm = 6
 p[ j ] = [96, 37, 22, 78, 71, 14, 56, 22, 55, 13, 92, 68, 59, 36, 91, 35, 75, 22, 5, 64, ]
 c[ k ] = [40, 100, 110, 110, 60, 50, 50, 100, 90, 60, 120, 110, ]
 r_jk = [[108, 35, 30, 28, 38, 26, 95, 57, 61, 55, 43, 36, ], [61, 34, 31, 24, 67, 73, 58, 26, 13, 29, 13, 24, ], [72, 27, 28, 33, 80, 82, 75, 46, 30, 11, 30, 22, ], [56, 73, 67, 50, 52, 73, 33, 21, 39, 76, 39, 64, ], [43, 51, 49, 43, 81, 91, 48, 30, 12, 40, 29, 43, ], [83, 77, 70, 52, 30, 55, 58, 40, 58, 86, 49, 69, ], [25, 72, 70, 63, 97, 109, 40, 42, 30, 58, 48, 63, ], [107, 30, 25, 26, 43, 32, 96, 57, 60, 50, 42, 31, ], [92, 83, 76, 59, 28, 53, 67, 49, 68, 94, 58, 76, ], [79, 64, 57, 39, 28, 49, 57, 30, 47, 73, 37, 56, ], [65, 40, 34, 18, 49, 60, 54, 15, 20, 44, 6, 31, ], [71, 74, 68, 50, 39, 62, 47, 30, 49, 81, 43, 66, ], [69, 33, 27, 12, 51, 58, 60, 22, 22, 38, 4, 23, ], [63, 37, 38, 40, 86, 90, 69, 45, 27, 20, 33, 31, ], [6, 91, 87, 76, 100, 117, 22, 47, 44, 80, 60, 81, ], [96, 99, 92, 75, 43, 68, 69, 60, 79, 109, 72, 92, ], [95, 42, 35, 23, 26, 28, 80, 43, 51, 58, 34, 38, ], [100, 22, 17, 19, 47, 39, 91, 52, 52, 42, 35, 23, ], [55, 73, 67, 50, 53, 74, 32, 21, 38, 75, 38, 64, ], [87, 19, 12, 7, 50, 48, 79, 40, 39, 34, 22, 14, ], ]
 d[ j ][ k ] = [[216, 70, 60, 56, 76, 52, 190, 114, 122, 110, 86, 72, ], [122, 68, 62, 48, 134, 146, 116, 52, 26, 58, 26, 48, ], [144, 54, 56, 66, 160, 164, 150, 92, 60, 22, 60, 44, ], [112, 146, 134, 100, 104, 146, 66, 42, 78, 152, 78, 128, ], [86, 102, 98, 86, 162, 182, 96, 60, 24, 80, 58, 86, ], [166, 154, 140, 104, 60, 110, 116, 80, 116, 172, 98, 138, ], [50, 144, 140, 126, 194, 218, 80, 84, 60, 116, 96, 126, ], [214, 60, 50, 52, 86, 64, 192, 114, 120, 100, 84, 62, ], [184, 166, 152, 118, 56, 106, 134, 98, 136, 188, 116, 152, ], [158, 128, 114, 78, 56, 98, 114, 60, 94, 146, 74, 112, ], [130, 80, 68, 36, 98, 120, 108, 30, 40, 88, 12, 62, ], [142, 148, 136, 100, 78, 124, 94, 60, 98, 162, 86, 132, ], [138, 66, 54, 24, 102, 116, 120, 44, 44, 76, 8, 46, ], [126, 74, 76, 80, 172, 180, 138, 90, 54, 40, 66, 62, ], [12, 182, 174, 152, 200, 234, 44, 94, 88, 160, 120, 162, ], [192, 198, 184, 150, 86, 136, 138, 120, 158, 218, 144, 184, ], [190, 84, 70, 46, 52, 56, 160, 86, 102, 116, 68, 76, ], [200, 44, 34, 38, 94, 78, 182, 104, 104, 84, 70, 46, ], [110, 146, 134, 100, 106, 148, 64, 42, 76, 150, 76, 128, ], [174, 38, 24, 14, 100, 96, 158, 80, 78, 68, 44, 28, ], ]
 S[ i ][ j ] = [[0, 37, 30, 21, 23, 33, 24, 24, 29, 28, 24, 35, 40, 20, 29, 23, 20, 40, 30, 20, ], [38, 0, 36, 29, 31, 29, 23, 28, 21, 29, 26, 21, 35, 25, 37, 20, 38, 36, 21, 27, ], [36, 24, 0, 24, 28, 24, 35, 27, 23, 22, 32, 32, 29, 37, 25, 35, 30, 31, 38, 30, ], [32, 37, 21, 0, 26, 20, 22, 29, 29, 27, 21, 35, 35, 23, 31, 31, 37, 28, 20, 39, ], [32, 22, 34, 40, 0, 25, 33, 37, 20, 36, 33, 28, 24, 27, 20, 24, 34, 20, 33, 36, ], [38, 35, 40, 30, 27, 0, 38, 30, 21, 22, 39, 37, 36, 37, 31, 32, 24, 23, 35, 38, ], [33, 30, 22, 28, 39, 35, 0, 39, 36, 33, 22, 27, 34, 25, 37, 35, 24, 28, 34, 25, ], [28, 25, 26, 29, 20, 27, 28, 0, 21, 33, 21, 32, 21, 22, 25, 25, 23, 32, 29, 26, ], [34, 30, 35, 39, 29, 27, 23, 35, 0, 21, 35, 31, 20, 26, 36, 28, 35, 23, 20, 39, ], [30, 36, 22, 33, 21, 28, 22, 20, 29, 0, 35, 26, 31, 21, 33, 24, 23, 35, 32, 21, ], [27, 35, 28, 37, 36, 22, 21, 36, 31, 26, 0, 38, 22, 20, 27, 28, 40, 20, 34, 37, ], [36, 22, 33, 30, 22, 27, 32, 39, 40, 33, 29, 0, 28, 23, 35, 27, 21, 26, 23, 33, ], [25, 40, 39, 28, 31, 26, 34, 22, 21, 20, 34, 36, 0, 35, 26, 32, 23, 25, 40, 31, ], [27, 21, 25, 32, 32, 40, 20, 25, 22, 39, 36, 22, 37, 0, 32, 24, 35, 21, 26, 38, ], [36, 25, 23, 24, 24, 36, 27, 37, 24, 20, 30, 28, 28, 39, 0, 26, 36, 36, 39, 36, ], [40, 24, 39, 39, 34, 29, 29, 25, 33, 24, 40, 25, 34, 34, 27, 0, 26, 33, 34, 34, ], [38, 30, 39, 32, 29, 27, 33, 34, 27, 40, 29, 31, 20, 29, 39, 27, 0, 35, 38, 34, ], [23, 20, 40, 25, 32, 23, 25, 40, 23, 40, 30, 26, 36, 24, 33, 35, 39, 0, 33, 27, ], [21, 36, 33, 28, 22, 25, 25, 22, 21, 39, 33, 22, 29, 23, 36, 27, 20, 25, 0, 38, ], [29, 32, 35, 31, 23, 28, 22, 39, 27, 35, 36, 34, 32, 24, 31, 35, 22, 38, 28, 0, ], ]
 e[ k ] = [14, 17, 20, 15, 7, 21, 28, 25, 12, 11, 19, 13, ]
 s_0j[ j ] = [26, 28, 33, 32, 27, 39, 40, 20, 34, 27, 28, 29, 35, 40, 38, 38, 24, 30, 36, 39, ]
