Nbj = 10
Nbl = 10
Nbm = 5
 p[ j ] = [57, 60, 34, 83, 76, 75, 29, 8, 61, 2, ]
 c[ k ] = [50, 50, 50, 60, 40, 50, 50, 60, 80, 40, ]
 r_jk = [[6, 57, 41, 21, 33, 26, 70, 45, 18, 24, ], [27, 85, 69, 9, 29, 12, 81, 35, 27, 26, ], [51, 82, 71, 36, 69, 53, 43, 13, 28, 63, ], [48, 44, 38, 52, 76, 65, 33, 51, 34, 67, ], [42, 29, 18, 63, 60, 63, 87, 84, 55, 52, ], [52, 19, 18, 65, 78, 73, 54, 73, 49, 69, ], [33, 79, 65, 15, 48, 31, 61, 16, 16, 42, ], [45, 15, 2, 64, 69, 67, 71, 79, 51, 60, ], [67, 54, 53, 69, 94, 83, 19, 60, 51, 85, ], [43, 58, 48, 41, 69, 56, 33, 35, 24, 61, ], ]
 d[ j ][ k ] = [[12, 114, 82, 42, 66, 52, 140, 90, 36, 48, ], [54, 170, 138, 18, 58, 24, 162, 70, 54, 52, ], [102, 164, 142, 72, 138, 106, 86, 26, 56, 126, ], [96, 88, 76, 104, 152, 130, 66, 102, 68, 134, ], [84, 58, 36, 126, 120, 126, 174, 168, 110, 104, ], [104, 38, 36, 130, 156, 146, 108, 146, 98, 138, ], [66, 158, 130, 30, 96, 62, 122, 32, 32, 84, ], [90, 30, 4, 128, 138, 134, 142, 158, 102, 120, ], [134, 108, 106, 138, 188, 166, 38, 120, 102, 170, ], [86, 116, 96, 82, 138, 112, 66, 70, 48, 122, ], ]
 S[ i ][ j ] = [[0, 30, 39, 26, 24, 38, 22, 25, 29, 21, ], [39, 0, 39, 28, 38, 27, 39, 29, 24, 22, ], [32, 27, 0, 30, 34, 32, 29, 20, 24, 26, ], [21, 29, 30, 0, 39, 34, 39, 36, 38, 34, ], [25, 25, 31, 40, 0, 35, 20, 26, 40, 22, ], [36, 28, 30, 30, 21, 0, 29, 20, 27, 30, ], [33, 20, 39, 26, 24, 21, 0, 24, 30, 30, ], [27, 36, 40, 29, 27, 37, 37, 0, 21, 32, ], [28, 26, 32, 30, 29, 21, 29, 20, 0, 38, ], [26, 30, 37, 25, 35, 31, 28, 24, 33, 0, ], ]
 e[ k ] = [11, 5, 22, 16, 18, 21, 10, 29, 14, 20, ]
 s_0j[ j ] = [27, 28, 23, 21, 38, 29, 32, 36, 33, 25, ]
