Nbj = 10
Nbl = 4
Nbm = 2
 p[ j ] = [57, 60, 34, 83, 76, 75, 29, 8, 61, 2, ]
 c[ k ] = [40, 50, 70, 40, ]
 r_jk = [[10, 58, 52, 25, ], [29, 86, 75, 19, ], [55, 91, 57, 58, ], [52, 57, 16, 67, ], [41, 20, 50, 58, ], [54, 34, 14, 72, ], [37, 85, 62, 37, ], [46, 18, 33, 65, ], [71, 70, 22, 85, ], [47, 69, 32, 59, ], ]
 d[ j ][ k ] = [[20, 116, 104, 50, ], [58, 172, 150, 38, ], [110, 182, 114, 116, ], [104, 114, 32, 134, ], [82, 40, 100, 116, ], [108, 68, 28, 144, ], [74, 170, 124, 74, ], [92, 36, 66, 130, ], [142, 140, 44, 170, ], [94, 138, 64, 118, ], ]
 S[ i ][ j ] = [[0, 29, 28, 26, 32, 30, 29, 21, 29, 20, ], [24, 0, 26, 30, 37, 25, 35, 31, 28, 24, ], [24, 26, 0, 39, 26, 24, 38, 22, 25, 29, ], [26, 39, 26, 0, 28, 38, 27, 39, 29, 24, ], [25, 32, 27, 28, 0, 34, 32, 29, 20, 24, ], [27, 21, 29, 30, 38, 0, 34, 39, 36, 38, ], [20, 25, 25, 31, 40, 22, 0, 20, 26, 40, ], [23, 36, 28, 30, 30, 21, 21, 0, 20, 27, ], [39, 33, 20, 39, 26, 24, 21, 39, 0, 30, ], [33, 27, 36, 40, 29, 27, 37, 37, 21, 0, ], ]
 e[ k ] = [27, 24, 13, 15, ]
 s_0j[ j ] = [40, 33, 21, 22, 26, 34, 22, 30, 30, 32, ]
