Nbj = 5
Nbl = 8
Nbm = 4
 p[ j ] = [57, 60, 34, 83, 76, ]
 c[ k ] = [40, 40, 40, 40, 30, 30, 20, 40, ]
 r_jk = [[24, 64, 9, 12, 30, 63, 52, 5, ], [74, 11, 63, 57, 24, 69, 53, 49, ], [83, 17, 76, 67, 39, 59, 45, 63, ], [21, 69, 27, 17, 40, 38, 32, 28, ], [81, 69, 85, 73, 67, 25, 30, 79, ], ]
 d[ j ][ k ] = [[48, 128, 18, 24, 60, 126, 104, 10, ], [148, 22, 126, 114, 48, 138, 106, 98, ], [166, 34, 152, 134, 78, 118, 90, 126, ], [42, 138, 54, 34, 80, 76, 64, 56, ], [162, 138, 170, 146, 134, 50, 60, 158, ], ]
 S[ i ][ j ] = [[0, 32, 26, 39, 39, ], [36, 0, 25, 33, 32, ], [23, 26, 0, 29, 21, ], [23, 24, 20, 0, 25, ], [22, 24, 23, 26, 0, ], ]
 e[ k ] = [13, 14, 16, 11, 15, 5, 25, 13, ]
 s_0j[ j ] = [33, 27, 28, 26, 30, ]
