Nbj = 25
Nbl = 8
Nbm = 4
 p[ j ] = [16, 54, 79, 36, 1, 45, 2, 46, 76, 49, 60, 64, 78, 51, 59, 88, 5, 23, 73, 83, 80, 64, 30, 11, 54, ]
 c[ k ] = [80, 110, 110, 130, 120, 100, 70, 100, ]
 r_jk = [[57, 35, 52, 22, 23, 49, 53, 54, ], [13, 67, 38, 31, 44, 9, 78, 37, ], [90, 20, 71, 48, 37, 84, 36, 74, ], [51, 73, 72, 48, 57, 39, 90, 72, ], [11, 69, 37, 32, 46, 9, 79, 36, ], [95, 38, 83, 57, 49, 87, 55, 86, ], [87, 9, 61, 46, 32, 84, 17, 64, ], [65, 14, 39, 24, 10, 63, 25, 42, ], [44, 89, 76, 58, 70, 33, 105, 75, ], [91, 26, 75, 51, 41, 85, 43, 78, ], [57, 50, 17, 39, 38, 62, 44, 19, ], [18, 83, 55, 47, 61, 9, 95, 53, ], [18, 70, 46, 34, 48, 7, 82, 45, ], [73, 35, 67, 38, 35, 65, 55, 69, ], [61, 33, 25, 30, 24, 63, 29, 28, ], [64, 38, 25, 37, 31, 67, 32, 28, ], [96, 42, 86, 59, 52, 88, 59, 88, ], [10, 71, 30, 36, 48, 18, 78, 28, ], [41, 41, 38, 9, 20, 35, 55, 39, ], [47, 40, 46, 16, 22, 40, 56, 47, ], [29, 75, 58, 42, 54, 17, 89, 57, ], [85, 54, 86, 56, 54, 75, 74, 87, ], [53, 61, 66, 39, 47, 42, 79, 67, ], [58, 54, 18, 43, 43, 64, 48, 20, ], [56, 52, 16, 40, 40, 62, 47, 18, ], ]
 d[ j ][ k ] = [[114, 70, 104, 44, 46, 98, 106, 108, ], [26, 134, 76, 62, 88, 18, 156, 74, ], [180, 40, 142, 96, 74, 168, 72, 148, ], [102, 146, 144, 96, 114, 78, 180, 144, ], [22, 138, 74, 64, 92, 18, 158, 72, ], [190, 76, 166, 114, 98, 174, 110, 172, ], [174, 18, 122, 92, 64, 168, 34, 128, ], [130, 28, 78, 48, 20, 126, 50, 84, ], [88, 178, 152, 116, 140, 66, 210, 150, ], [182, 52, 150, 102, 82, 170, 86, 156, ], [114, 100, 34, 78, 76, 124, 88, 38, ], [36, 166, 110, 94, 122, 18, 190, 106, ], [36, 140, 92, 68, 96, 14, 164, 90, ], [146, 70, 134, 76, 70, 130, 110, 138, ], [122, 66, 50, 60, 48, 126, 58, 56, ], [128, 76, 50, 74, 62, 134, 64, 56, ], [192, 84, 172, 118, 104, 176, 118, 176, ], [20, 142, 60, 72, 96, 36, 156, 56, ], [82, 82, 76, 18, 40, 70, 110, 78, ], [94, 80, 92, 32, 44, 80, 112, 94, ], [58, 150, 116, 84, 108, 34, 178, 114, ], [170, 108, 172, 112, 108, 150, 148, 174, ], [106, 122, 132, 78, 94, 84, 158, 134, ], [116, 108, 36, 86, 86, 128, 96, 40, ], [112, 104, 32, 80, 80, 124, 94, 36, ], ]
 S[ i ][ j ] = [[0, 28, 32, 31, 35, 37, 39, 33, 26, 36, 27, 27, 32, 30, 26, 22, 21, 29, 30, 38, 20, 21, 31, 28, 22, ], [25, 0, 21, 40, 31, 40, 20, 39, 37, 34, 31, 31, 40, 22, 26, 24, 40, 29, 40, 23, 34, 23, 22, 20, 40, ], [31, 34, 0, 27, 27, 21, 31, 27, 35, 32, 27, 26, 31, 25, 27, 21, 26, 27, 27, 23, 36, 40, 30, 31, 25, ], [21, 29, 26, 0, 28, 35, 20, 32, 38, 37, 31, 36, 30, 21, 26, 26, 33, 32, 21, 37, 37, 36, 36, 23, 28, ], [35, 40, 36, 33, 0, 29, 24, 25, 38, 28, 31, 23, 34, 36, 28, 29, 36, 38, 26, 30, 21, 20, 32, 32, 38, ], [26, 28, 32, 25, 36, 0, 26, 40, 40, 36, 38, 29, 33, 31, 39, 34, 22, 21, 29, 31, 29, 29, 27, 30, 31, ], [27, 26, 28, 29, 33, 28, 0, 23, 28, 22, 37, 28, 27, 26, 21, 32, 29, 24, 33, 25, 38, 30, 35, 37, 39, ], [40, 30, 24, 34, 35, 27, 26, 0, 21, 31, 20, 37, 25, 38, 38, 27, 39, 33, 22, 40, 24, 31, 40, 24, 30, ], [36, 22, 39, 38, 22, 28, 26, 20, 0, 29, 32, 24, 22, 28, 28, 38, 37, 24, 39, 37, 26, 38, 25, 24, 34, ], [36, 22, 23, 33, 27, 22, 22, 36, 28, 0, 26, 28, 33, 26, 21, 21, 36, 21, 39, 33, 27, 21, 20, 23, 38, ], [39, 36, 22, 38, 21, 30, 21, 29, 30, 32, 0, 25, 34, 21, 28, 36, 28, 29, 31, 27, 34, 20, 32, 33, 33, ], [24, 31, 34, 35, 36, 40, 21, 32, 39, 22, 24, 0, 37, 30, 31, 29, 25, 26, 24, 37, 24, 26, 39, 30, 40, ], [29, 32, 29, 28, 28, 20, 29, 40, 39, 31, 27, 38, 0, 22, 32, 33, 39, 37, 38, 36, 30, 27, 38, 34, 20, ], [35, 35, 34, 20, 38, 37, 28, 24, 38, 25, 40, 20, 38, 0, 38, 26, 33, 35, 27, 25, 31, 21, 35, 21, 39, ], [25, 26, 29, 26, 31, 29, 31, 26, 36, 21, 22, 26, 29, 33, 0, 40, 40, 39, 22, 24, 26, 34, 24, 40, 20, ], [36, 28, 30, 34, 37, 33, 21, 40, 31, 31, 22, 38, 20, 38, 20, 0, 36, 25, 35, 35, 39, 27, 30, 37, 40, ], [34, 34, 31, 32, 22, 26, 25, 32, 32, 20, 30, 30, 33, 35, 30, 29, 0, 34, 31, 22, 24, 31, 35, 22, 30, ], [22, 40, 31, 35, 23, 21, 31, 35, 34, 40, 34, 26, 31, 33, 20, 21, 38, 0, 30, 33, 28, 38, 28, 33, 38, ], [34, 35, 37, 20, 25, 20, 39, 22, 33, 24, 39, 24, 29, 38, 26, 24, 24, 26, 0, 29, 27, 29, 22, 34, 40, ], [40, 37, 24, 20, 26, 23, 35, 24, 24, 25, 38, 26, 39, 29, 25, 24, 34, 31, 23, 0, 37, 21, 34, 26, 23, ], [24, 37, 23, 39, 38, 23, 31, 38, 30, 36, 26, 37, 28, 28, 24, 25, 35, 32, 29, 24, 0, 37, 27, 23, 31, ], [34, 28, 22, 33, 28, 23, 36, 29, 39, 38, 33, 39, 34, 21, 29, 39, 30, 24, 30, 25, 29, 0, 35, 27, 33, ], [39, 28, 33, 21, 24, 20, 27, 28, 28, 40, 21, 29, 38, 30, 34, 26, 39, 30, 21, 37, 36, 20, 0, 38, 21, ], [22, 35, 30, 33, 21, 30, 34, 28, 30, 21, 21, 32, 31, 32, 40, 38, 39, 25, 32, 34, 27, 31, 25, 0, 37, ], [25, 36, 25, 28, 21, 33, 32, 27, 31, 28, 22, 28, 27, 20, 37, 22, 35, 29, 38, 22, 38, 40, 40, 28, 0, ], ]
 e[ k ] = [18, 29, 19, 6, 13, 6, 21, 26, ]
 s_0j[ j ] = [28, 25, 27, 20, 34, 30, 39, 34, 27, 20, 35, 33, 30, 38, 27, 31, 33, 21, 28, 24, 20, 34, 24, 32, 23, ]
