Nbj = 5
Nbl = 10
Nbm = 5
 p[ j ] = [57, 60, 34, 83, 76, ]
 c[ k ] = [40, 40, 30, 30, 40, 40, 30, 30, 40, 40, ]
 r_jk = [[10, 58, 13, 41, 38, 48, 73, 41, 24, 69, ], [64, 41, 54, 80, 56, 26, 85, 80, 33, 21, ], [77, 28, 73, 84, 56, 23, 75, 84, 53, 6, ], [28, 45, 42, 18, 14, 43, 45, 18, 45, 69, ], [86, 31, 93, 68, 47, 47, 33, 68, 83, 59, ], ]
 d[ j ][ k ] = [[20, 116, 26, 82, 76, 96, 146, 82, 48, 138, ], [128, 82, 108, 160, 112, 52, 170, 160, 66, 42, ], [154, 56, 146, 168, 112, 46, 150, 168, 106, 12, ], [56, 90, 84, 36, 28, 86, 90, 36, 90, 138, ], [172, 62, 186, 136, 94, 94, 66, 136, 166, 118, ], ]
 S[ i ][ j ] = [[0, 24, 23, 26, 36, ], [32, 0, 39, 39, 33, ], [22, 25, 0, 32, 27, ], [26, 27, 29, 0, 28, ], [24, 20, 21, 25, 0, ], ]
 e[ k ] = [15, 5, 25, 13, 17, 28, 29, 15, 18, 18, ]
 s_0j[ j ] = [30, 26, 27, 29, 25, ]
