Nbj = 15
Nbl = 4
Nbm = 2
 p[ j ] = [35, 77, 76, 79, 61, 45, 74, 60, 69, 46, 49, 43, 62, 69, 31, ]
 c[ k ] = [70, 50, 90, 60, ]
 r_jk = [[70, 6, 43, 89, ], [19, 60, 35, 35, ], [106, 81, 55, 111, ], [79, 4, 45, 97, ], [44, 56, 13, 53, ], [13, 74, 45, 21, ], [49, 73, 28, 50, ], [69, 9, 36, 87, ], [85, 111, 66, 77, ], [23, 54, 43, 44, ], [10, 86, 64, 17, ], [103, 76, 52, 109, ], [31, 87, 49, 23, ], [50, 57, 12, 58, ], [91, 102, 60, 88, ], ]
 d[ j ][ k ] = [[140, 12, 86, 178, ], [38, 120, 70, 70, ], [212, 162, 110, 222, ], [158, 8, 90, 194, ], [88, 112, 26, 106, ], [26, 148, 90, 42, ], [98, 146, 56, 100, ], [138, 18, 72, 174, ], [170, 222, 132, 154, ], [46, 108, 86, 88, ], [20, 172, 128, 34, ], [206, 152, 104, 218, ], [62, 174, 98, 46, ], [100, 114, 24, 116, ], [182, 204, 120, 176, ], ]
 S[ i ][ j ] = [[0, 31, 35, 40, 34, 32, 33, 28, 39, 33, 39, 21, 30, 34, 28, ], [35, 0, 39, 21, 32, 37, 32, 34, 36, 20, 37, 22, 37, 29, 39, ], [33, 38, 0, 23, 38, 25, 30, 29, 21, 20, 31, 20, 33, 30, 23, ], [25, 27, 33, 0, 38, 23, 21, 27, 29, 26, 30, 31, 36, 29, 24, ], [21, 21, 34, 22, 0, 26, 23, 20, 28, 40, 31, 22, 35, 37, 22, ], [31, 34, 28, 40, 28, 0, 26, 29, 21, 22, 39, 32, 27, 27, 21, ], [24, 29, 39, 29, 37, 20, 0, 30, 39, 23, 34, 39, 28, 24, 28, ], [23, 29, 25, 28, 26, 34, 23, 0, 39, 22, 27, 29, 20, 28, 30, ], [39, 32, 27, 22, 38, 25, 33, 24, 0, 36, 36, 35, 23, 32, 37, ], [24, 38, 36, 25, 34, 36, 32, 26, 35, 0, 29, 40, 36, 20, 38, ], [40, 28, 33, 20, 34, 21, 22, 33, 25, 23, 0, 32, 40, 27, 32, ], [30, 27, 20, 29, 40, 39, 29, 21, 31, 25, 24, 0, 26, 36, 38, ], [22, 37, 23, 20, 28, 29, 26, 31, 29, 21, 33, 22, 0, 35, 34, ], [23, 21, 30, 22, 35, 28, 35, 39, 36, 34, 20, 38, 26, 0, 30, ], [34, 35, 21, 35, 28, 40, 34, 37, 30, 38, 20, 39, 21, 38, 0, ], ]
 e[ k ] = [8, 9, 26, 9, ]
 s_0j[ j ] = [22, 23, 20, 40, 35, 24, 38, 40, 35, 39, 35, 34, 23, 28, 39, ]
