Nbj = 5
Nbl = 4
Nbm = 2
 p[ j ] = [52, 42, 68, 12, 45, ]
 c[ k ] = [20, 30, 40, 50, ]
 r_jk = [[53, 40, 75, 29, ], [67, 37, 25, 33, ], [90, 62, 53, 52, ], [89, 60, 22, 58, ], [35, 9, 49, 4, ], ]
 d[ j ][ k ] = [[106, 80, 150, 58, ], [134, 74, 50, 66, ], [180, 124, 106, 104, ], [178, 120, 44, 116, ], [70, 18, 98, 8, ], ]
 S[ i ][ j ] = [[0, 31, 27, 40, 28, ], [34, 0, 26, 36, 20, ], [31, 21, 0, 26, 21, ], [24, 37, 33, 0, 37, ], [27, 36, 37, 32, 0, ], ]
 e[ k ] = [16, 11, 25, 30, ]
 s_0j[ j ] = [33, 23, 21, 39, 29, ]
