Nbj = 20
Nbl = 10
Nbm = 5
 p[ j ] = [63, 61, 83, 77, 84, 14, 94, 18, 5, 9, 75, 34, 80, 6, 36, 75, 94, 75, 10, 40, ]
 c[ k ] = [90, 70, 100, 110, 80, 80, 110, 40, 90, 80, ]
 r_jk = [[12, 24, 49, 53, 56, 67, 20, 59, 45, 28, ], [46, 36, 19, 6, 34, 25, 38, 46, 15, 47, ], [71, 65, 32, 34, 29, 13, 62, 37, 37, 79, ], [37, 44, 37, 49, 31, 50, 34, 27, 40, 57, ], [96, 86, 63, 55, 69, 50, 88, 79, 64, 95, ], [6, 19, 43, 47, 51, 62, 14, 55, 39, 25, ], [19, 7, 33, 29, 47, 50, 16, 56, 25, 16, ], [31, 40, 44, 54, 42, 60, 30, 40, 45, 51, ], [50, 38, 53, 42, 70, 64, 48, 81, 46, 34, ], [57, 50, 20, 18, 25, 8, 49, 37, 23, 63, ], [91, 87, 54, 60, 42, 38, 82, 41, 61, 102, ], [64, 53, 37, 25, 49, 33, 56, 61, 34, 61, ], [48, 39, 64, 55, 80, 77, 49, 90, 56, 28, ], [35, 23, 31, 22, 48, 44, 30, 59, 24, 29, ], [25, 36, 48, 57, 50, 66, 28, 49, 48, 45, ], [58, 47, 33, 21, 46, 32, 51, 58, 30, 56, ], [90, 88, 55, 63, 41, 41, 81, 37, 63, 103, ], [23, 19, 16, 21, 27, 35, 14, 35, 13, 35, ], [29, 40, 52, 61, 53, 69, 32, 52, 52, 48, ], [68, 62, 29, 32, 26, 10, 59, 33, 35, 77, ], ]
 d[ j ][ k ] = [[24, 48, 98, 106, 112, 134, 40, 118, 90, 56, ], [92, 72, 38, 12, 68, 50, 76, 92, 30, 94, ], [142, 130, 64, 68, 58, 26, 124, 74, 74, 158, ], [74, 88, 74, 98, 62, 100, 68, 54, 80, 114, ], [192, 172, 126, 110, 138, 100, 176, 158, 128, 190, ], [12, 38, 86, 94, 102, 124, 28, 110, 78, 50, ], [38, 14, 66, 58, 94, 100, 32, 112, 50, 32, ], [62, 80, 88, 108, 84, 120, 60, 80, 90, 102, ], [100, 76, 106, 84, 140, 128, 96, 162, 92, 68, ], [114, 100, 40, 36, 50, 16, 98, 74, 46, 126, ], [182, 174, 108, 120, 84, 76, 164, 82, 122, 204, ], [128, 106, 74, 50, 98, 66, 112, 122, 68, 122, ], [96, 78, 128, 110, 160, 154, 98, 180, 112, 56, ], [70, 46, 62, 44, 96, 88, 60, 118, 48, 58, ], [50, 72, 96, 114, 100, 132, 56, 98, 96, 90, ], [116, 94, 66, 42, 92, 64, 102, 116, 60, 112, ], [180, 176, 110, 126, 82, 82, 162, 74, 126, 206, ], [46, 38, 32, 42, 54, 70, 28, 70, 26, 70, ], [58, 80, 104, 122, 106, 138, 64, 104, 104, 96, ], [136, 124, 58, 64, 52, 20, 118, 66, 70, 154, ], ]
 S[ i ][ j ] = [[0, 25, 32, 38, 32, 36, 20, 33, 21, 37, 24, 33, 31, 36, 35, 38, 36, 25, 21, 28, ], [39, 0, 28, 21, 21, 28, 24, 36, 34, 24, 26, 33, 20, 30, 29, 30, 22, 32, 34, 29, ], [20, 40, 0, 34, 25, 20, 21, 22, 32, 21, 22, 28, 38, 24, 28, 29, 23, 24, 23, 23, ], [38, 34, 31, 0, 38, 30, 37, 21, 37, 32, 31, 20, 38, 38, 26, 38, 29, 38, 40, 29, ], [23, 35, 38, 32, 0, 25, 26, 23, 30, 40, 38, 24, 29, 35, 21, 40, 26, 34, 37, 37, ], [31, 22, 20, 25, 29, 0, 27, 38, 23, 31, 23, 37, 25, 33, 28, 21, 27, 27, 20, 31, ], [23, 34, 27, 30, 20, 31, 0, 32, 25, 38, 36, 35, 27, 21, 33, 20, 29, 39, 30, 38, ], [33, 36, 34, 22, 31, 39, 33, 0, 27, 22, 32, 31, 29, 32, 31, 26, 30, 31, 37, 22, ], [39, 25, 20, 32, 38, 25, 37, 21, 0, 35, 30, 22, 37, 29, 20, 36, 26, 37, 21, 35, ], [37, 20, 22, 23, 39, 35, 24, 39, 34, 0, 25, 27, 39, 22, 25, 33, 37, 21, 32, 28, ], [25, 26, 35, 25, 26, 32, 21, 21, 34, 27, 0, 32, 31, 21, 36, 29, 39, 39, 24, 38, ], [28, 25, 40, 32, 32, 28, 30, 27, 32, 29, 24, 0, 28, 23, 25, 32, 20, 21, 23, 34, ], [25, 22, 29, 25, 40, 37, 23, 23, 37, 29, 26, 37, 0, 22, 28, 22, 20, 36, 33, 37, ], [34, 29, 29, 37, 30, 25, 24, 35, 35, 36, 23, 24, 38, 0, 31, 36, 35, 28, 38, 40, ], [26, 32, 35, 37, 24, 36, 22, 34, 39, 25, 35, 38, 27, 40, 0, 40, 32, 22, 29, 31, ], [23, 33, 29, 33, 24, 24, 21, 37, 25, 33, 38, 25, 36, 39, 29, 0, 20, 34, 40, 36, ], [23, 27, 21, 23, 24, 29, 38, 25, 38, 38, 39, 26, 37, 30, 35, 21, 0, 25, 36, 21, ], [36, 30, 35, 28, 29, 22, 36, 24, 21, 31, 32, 24, 36, 40, 40, 25, 23, 0, 33, 25, ], [21, 31, 33, 25, 29, 34, 29, 35, 22, 36, 22, 25, 26, 33, 30, 21, 23, 20, 0, 37, ], [35, 26, 39, 38, 28, 30, 25, 40, 24, 39, 28, 20, 38, 29, 34, 40, 30, 24, 24, 0, ], ]
 e[ k ] = [10, 11, 18, 29, 12, 30, 12, 23, 7, 7, ]
 s_0j[ j ] = [38, 23, 35, 40, 27, 40, 40, 33, 38, 26, 22, 31, 31, 30, 30, 32, 38, 35, 27, 35, ]
