Nbj = 10
Nbl = 6
Nbm = 3
 p[ j ] = [57, 60, 34, 83, 76, 75, 29, 8, 61, 2, ]
 c[ k ] = [70, 40, 60, 50, 50, 50, ]
 r_jk = [[32, 59, 41, 20, 22, 24, ], [40, 87, 69, 9, 11, 4, ], [17, 92, 67, 46, 49, 40, ], [27, 59, 32, 58, 61, 57, ], [64, 19, 24, 60, 60, 66, ], [48, 35, 12, 67, 69, 69, ], [21, 85, 63, 25, 28, 18, ], [56, 20, 7, 63, 64, 67, ], [39, 72, 47, 76, 79, 74, ], [12, 70, 44, 49, 52, 46, ], ]
 d[ j ][ k ] = [[64, 118, 82, 40, 44, 48, ], [80, 174, 138, 18, 22, 8, ], [34, 184, 134, 92, 98, 80, ], [54, 118, 64, 116, 122, 114, ], [128, 38, 48, 120, 120, 132, ], [96, 70, 24, 134, 138, 138, ], [42, 170, 126, 50, 56, 36, ], [112, 40, 14, 126, 128, 134, ], [78, 144, 94, 152, 158, 148, ], [24, 140, 88, 98, 104, 92, ], ]
 S[ i ][ j ] = [[0, 32, 27, 28, 30, 34, 32, 29, 20, 24, ], [27, 0, 29, 30, 38, 39, 34, 39, 36, 38, ], [20, 25, 0, 31, 40, 22, 35, 20, 26, 40, ], [23, 36, 28, 0, 30, 21, 21, 29, 20, 27, ], [39, 33, 20, 39, 0, 24, 21, 39, 24, 30, ], [33, 27, 36, 40, 29, 0, 37, 37, 21, 21, ], [29, 28, 26, 32, 30, 29, 0, 29, 20, 40, ], [21, 26, 30, 37, 25, 35, 31, 0, 24, 33, ], [26, 30, 39, 26, 24, 38, 22, 25, 0, 21, ], [39, 26, 39, 28, 38, 27, 39, 29, 24, 0, ], ]
 e[ k ] = [9, 6, 27, 17, 20, 25, ]
 s_0j[ j ] = [26, 34, 22, 30, 30, 32, 38, 35, 27, 28, ]
