Nbj = 25
Nbl = 4
Nbm = 2
 p[ j ] = [40, 78, 90, 48, 6, 58, 89, 23, 7, 3, 32, 79, 69, 69, 11, 28, 74, 99, 34, 14, 30, 88, 28, 41, 84, ]
 c[ k ] = [90, 100, 100, 120, ]
 r_jk = [[98, 83, 16, 19, ], [68, 54, 48, 45, ], [54, 39, 42, 36, ], [87, 72, 27, 26, ], [47, 32, 49, 43, ], [21, 20, 86, 80, ], [86, 71, 13, 10, ], [60, 53, 90, 86, ], [103, 90, 60, 61, ], [24, 31, 101, 95, ], [80, 67, 30, 25, ], [28, 21, 83, 78, ], [65, 52, 58, 54, ], [76, 61, 33, 30, ], [66, 51, 49, 46, ], [81, 66, 22, 19, ], [17, 16, 87, 81, ], [99, 85, 57, 57, ], [85, 72, 31, 27, ], [97, 82, 22, 24, ], [57, 43, 40, 34, ], [28, 27, 86, 80, ], [15, 14, 86, 80, ], [23, 11, 75, 68, ], [77, 65, 39, 34, ], ]
 d[ j ][ k ] = [[196, 166, 32, 38, ], [136, 108, 96, 90, ], [108, 78, 84, 72, ], [174, 144, 54, 52, ], [94, 64, 98, 86, ], [42, 40, 172, 160, ], [172, 142, 26, 20, ], [120, 106, 180, 172, ], [206, 180, 120, 122, ], [48, 62, 202, 190, ], [160, 134, 60, 50, ], [56, 42, 166, 156, ], [130, 104, 116, 108, ], [152, 122, 66, 60, ], [132, 102, 98, 92, ], [162, 132, 44, 38, ], [34, 32, 174, 162, ], [198, 170, 114, 114, ], [170, 144, 62, 54, ], [194, 164, 44, 48, ], [114, 86, 80, 68, ], [56, 54, 172, 160, ], [30, 28, 172, 160, ], [46, 22, 150, 136, ], [154, 130, 78, 68, ], ]
 S[ i ][ j ] = [[0, 31, 30, 24, 23, 25, 29, 21, 32, 21, 30, 34, 28, 22, 28, 33, 24, 30, 35, 23, 20, 31, 39, 40, 30, ], [25, 0, 36, 23, 31, 36, 32, 30, 26, 40, 26, 26, 31, 38, 25, 25, 34, 32, 29, 27, 29, 25, 25, 29, 31, ], [34, 30, 0, 37, 38, 27, 33, 32, 35, 40, 26, 26, 34, 37, 23, 32, 34, 29, 25, 36, 26, 30, 34, 20, 27, ], [39, 33, 23, 0, 29, 33, 31, 25, 29, 32, 38, 35, 25, 23, 23, 34, 32, 36, 21, 30, 23, 25, 30, 30, 29, ], [28, 34, 34, 28, 0, 23, 20, 36, 40, 25, 20, 20, 25, 30, 27, 31, 35, 35, 38, 30, 30, 23, 33, 30, 26, ], [28, 33, 20, 25, 36, 0, 22, 40, 20, 29, 20, 26, 29, 32, 29, 34, 22, 28, 36, 25, 33, 29, 39, 24, 31, ], [39, 33, 36, 36, 21, 30, 0, 33, 29, 39, 37, 29, 36, 40, 22, 30, 24, 25, 32, 37, 37, 27, 23, 40, 27, ], [28, 34, 39, 20, 36, 29, 21, 0, 40, 36, 34, 36, 28, 28, 37, 27, 27, 30, 20, 24, 34, 21, 37, 28, 39, ], [23, 40, 32, 29, 33, 35, 32, 38, 0, 25, 24, 29, 23, 30, 40, 21, 39, 36, 26, 35, 38, 31, 38, 36, 26, ], [36, 22, 37, 24, 26, 34, 32, 38, 28, 0, 27, 35, 28, 27, 33, 26, 22, 25, 28, 27, 25, 40, 40, 38, 39, ], [30, 35, 34, 24, 33, 22, 40, 38, 25, 23, 0, 29, 32, 34, 20, 29, 34, 38, 36, 22, 30, 36, 27, 33, 40, ], [20, 39, 39, 21, 31, 29, 27, 29, 22, 27, 36, 0, 27, 35, 24, 39, 24, 24, 21, 22, 23, 27, 26, 20, 21, ], [21, 29, 30, 31, 37, 31, 20, 29, 33, 39, 40, 29, 0, 23, 34, 30, 30, 24, 24, 39, 37, 21, 20, 36, 35, ], [23, 23, 24, 32, 26, 33, 25, 39, 20, 28, 20, 36, 25, 0, 23, 27, 22, 35, 21, 39, 22, 39, 32, 37, 40, ], [38, 30, 35, 32, 32, 30, 22, 38, 33, 35, 40, 24, 37, 25, 0, 25, 34, 35, 26, 31, 25, 39, 35, 27, 25, ], [23, 21, 37, 35, 36, 31, 31, 34, 25, 31, 23, 36, 24, 26, 28, 0, 29, 35, 34, 24, 21, 38, 24, 30, 21, ], [35, 23, 34, 39, 20, 31, 38, 35, 31, 21, 36, 25, 31, 38, 22, 28, 0, 36, 24, 25, 31, 31, 36, 21, 24, ], [22, 26, 25, 32, 31, 39, 28, 28, 35, 23, 21, 31, 27, 31, 38, 38, 33, 0, 22, 26, 28, 24, 25, 34, 25, ], [36, 30, 26, 32, 33, 30, 23, 25, 33, 36, 21, 33, 30, 39, 26, 38, 39, 27, 0, 38, 29, 24, 36, 26, 37, ], [40, 38, 40, 34, 38, 20, 21, 40, 22, 25, 26, 21, 24, 31, 26, 35, 31, 21, 20, 0, 40, 39, 22, 21, 34, ], [31, 35, 21, 34, 21, 22, 27, 21, 33, 29, 21, 20, 31, 34, 26, 39, 40, 26, 34, 27, 0, 37, 29, 33, 37, ], [28, 31, 34, 25, 26, 20, 25, 40, 27, 30, 26, 40, 21, 22, 20, 30, 38, 33, 29, 24, 28, 0, 27, 33, 34, ], [21, 21, 36, 27, 28, 25, 34, 34, 39, 32, 22, 30, 38, 33, 31, 39, 27, 36, 30, 21, 24, 28, 0, 33, 27, ], [39, 22, 37, 36, 37, 21, 34, 38, 27, 24, 40, 24, 38, 28, 31, 39, 39, 21, 28, 34, 25, 37, 24, 0, 36, ], [36, 23, 23, 37, 27, 28, 23, 20, 33, 23, 32, 29, 36, 26, 29, 28, 28, 35, 27, 30, 20, 22, 21, 38, 0, ], ]
 e[ k ] = [14, 28, 8, 8, ]
 s_0j[ j ] = [30, 23, 33, 25, 38, 37, 28, 33, 27, 24, 29, 38, 22, 30, 26, 25, 35, 28, 31, 35, 37, 20, 21, 21, 22, ]
