Nbj = 15
Nbl = 12
Nbm = 6
 p[ j ] = [63, 61, 83, 77, 84, 14, 94, 18, 5, 9, 75, 34, 80, 6, 36, ]
 c[ k ] = [40, 50, 60, 80, 90, 60, 90, 40, 90, 60, 110, 60, ]
 r_jk = [[21, 24, 52, 25, 54, 75, 54, 20, 25, 31, 34, 73, ], [51, 81, 11, 37, 64, 96, 61, 48, 42, 32, 80, 90, ], [70, 96, 24, 48, 56, 86, 53, 66, 49, 52, 83, 80, ], [96, 102, 75, 70, 29, 28, 30, 93, 64, 88, 62, 21, ], [55, 46, 68, 43, 36, 43, 37, 54, 37, 60, 3, 44, ], [62, 81, 28, 35, 30, 61, 28, 58, 33, 48, 60, 55, ], [66, 51, 81, 56, 44, 43, 46, 65, 50, 72, 12, 45, ], [48, 56, 44, 25, 19, 46, 19, 46, 18, 44, 28, 42, ], [17, 20, 54, 29, 60, 82, 60, 17, 30, 31, 40, 80, ], [86, 83, 80, 65, 27, 6, 30, 84, 58, 84, 40, 8, ], [52, 26, 83, 55, 64, 71, 66, 52, 52, 65, 26, 72, ], [65, 67, 58, 42, 10, 29, 12, 62, 35, 61, 29, 25, ], [51, 77, 7, 29, 49, 81, 46, 47, 32, 33, 69, 75, ], [93, 82, 96, 77, 46, 22, 49, 91, 70, 95, 39, 29, ], [84, 101, 47, 57, 37, 60, 35, 80, 54, 69, 74, 53, ], ]
 d[ j ][ k ] = [[42, 48, 104, 50, 108, 150, 108, 40, 50, 62, 68, 146, ], [102, 162, 22, 74, 128, 192, 122, 96, 84, 64, 160, 180, ], [140, 192, 48, 96, 112, 172, 106, 132, 98, 104, 166, 160, ], [192, 204, 150, 140, 58, 56, 60, 186, 128, 176, 124, 42, ], [110, 92, 136, 86, 72, 86, 74, 108, 74, 120, 6, 88, ], [124, 162, 56, 70, 60, 122, 56, 116, 66, 96, 120, 110, ], [132, 102, 162, 112, 88, 86, 92, 130, 100, 144, 24, 90, ], [96, 112, 88, 50, 38, 92, 38, 92, 36, 88, 56, 84, ], [34, 40, 108, 58, 120, 164, 120, 34, 60, 62, 80, 160, ], [172, 166, 160, 130, 54, 12, 60, 168, 116, 168, 80, 16, ], [104, 52, 166, 110, 128, 142, 132, 104, 104, 130, 52, 144, ], [130, 134, 116, 84, 20, 58, 24, 124, 70, 122, 58, 50, ], [102, 154, 14, 58, 98, 162, 92, 94, 64, 66, 138, 150, ], [186, 164, 192, 154, 92, 44, 98, 182, 140, 190, 78, 58, ], [168, 202, 94, 114, 74, 120, 70, 160, 108, 138, 148, 106, ], ]
 S[ i ][ j ] = [[0, 23, 35, 32, 22, 32, 38, 24, 35, 26, 25, 34, 34, 40, 39, ], [39, 0, 25, 33, 35, 25, 32, 24, 32, 27, 33, 37, 34, 31, 24, ], [37, 23, 0, 27, 40, 30, 21, 24, 28, 29, 36, 25, 32, 38, 26, ], [30, 33, 40, 0, 29, 22, 25, 29, 37, 33, 22, 24, 37, 22, 22, ], [30, 39, 34, 31, 0, 32, 38, 29, 25, 37, 21, 35, 35, 35, 31, ], [29, 37, 35, 26, 35, 0, 21, 28, 36, 24, 23, 40, 39, 33, 38, ], [26, 25, 22, 32, 29, 25, 0, 36, 24, 21, 38, 21, 25, 27, 23, ], [37, 28, 34, 28, 21, 32, 20, 0, 29, 30, 32, 34, 38, 29, 36, ], [29, 25, 36, 20, 35, 25, 31, 20, 0, 23, 25, 32, 21, 29, 32, ], [31, 34, 25, 31, 33, 37, 38, 30, 34, 0, 21, 37, 22, 36, 30, ], [40, 26, 20, 38, 39, 37, 39, 25, 30, 22, 0, 30, 24, 25, 25, ], [29, 23, 26, 20, 38, 33, 26, 28, 20, 21, 21, 0, 37, 33, 30, ], [39, 23, 25, 27, 21, 23, 32, 31, 24, 38, 27, 25, 0, 38, 24, ], [20, 36, 22, 34, 34, 28, 40, 39, 21, 36, 23, 27, 21, 0, 26, ], [38, 21, 29, 20, 36, 25, 30, 25, 37, 29, 35, 22, 32, 36, 0, ], ]
 e[ k ] = [14, 20, 17, 26, 11, 27, 12, 13, 10, 12, 5, 18, ]
 s_0j[ j ] = [35, 38, 39, 32, 22, 28, 33, 33, 28, 20, 24, 37, 35, 31, 22, ]
