Nbj = 20
Nbl = 8
Nbm = 4
 p[ j ] = [91, 64, 69, 81, 84, 7, 20, 71, 86, 96, 78, 50, 43, 28, 2, 81, 70, 75, 81, 4, ]
 c[ k ] = [50, 90, 110, 80, 90, 70, 100, 90, ]
 r_jk = [[69, 18, 43, 35, 81, 66, 30, 13, ], [41, 94, 86, 116, 96, 36, 78, 90, ], [94, 36, 24, 22, 40, 80, 41, 56, ], [94, 49, 27, 42, 18, 78, 48, 68, ], [27, 47, 59, 73, 92, 33, 38, 32, ], [80, 79, 56, 87, 38, 61, 66, 90, ], [94, 79, 54, 82, 25, 75, 69, 94, ], [106, 47, 35, 28, 41, 92, 54, 67, ], [32, 47, 61, 72, 96, 39, 40, 30, ], [84, 19, 25, 9, 56, 74, 31, 38, ], [76, 80, 58, 90, 43, 58, 66, 90, ], [72, 71, 49, 81, 38, 53, 58, 81, ], [47, 24, 41, 49, 79, 45, 21, 9, ], [57, 48, 70, 69, 108, 64, 50, 28, ], [43, 31, 28, 53, 58, 30, 14, 34, ], [4, 71, 73, 96, 97, 19, 57, 61, ], [97, 63, 38, 59, 2, 79, 58, 81, ], [75, 40, 14, 44, 25, 59, 33, 56, ], [86, 33, 15, 27, 34, 72, 35, 53, ], [77, 22, 9, 23, 43, 64, 25, 41, ], ]
 d[ j ][ k ] = [[138, 36, 86, 70, 162, 132, 60, 26, ], [82, 188, 172, 232, 192, 72, 156, 180, ], [188, 72, 48, 44, 80, 160, 82, 112, ], [188, 98, 54, 84, 36, 156, 96, 136, ], [54, 94, 118, 146, 184, 66, 76, 64, ], [160, 158, 112, 174, 76, 122, 132, 180, ], [188, 158, 108, 164, 50, 150, 138, 188, ], [212, 94, 70, 56, 82, 184, 108, 134, ], [64, 94, 122, 144, 192, 78, 80, 60, ], [168, 38, 50, 18, 112, 148, 62, 76, ], [152, 160, 116, 180, 86, 116, 132, 180, ], [144, 142, 98, 162, 76, 106, 116, 162, ], [94, 48, 82, 98, 158, 90, 42, 18, ], [114, 96, 140, 138, 216, 128, 100, 56, ], [86, 62, 56, 106, 116, 60, 28, 68, ], [8, 142, 146, 192, 194, 38, 114, 122, ], [194, 126, 76, 118, 4, 158, 116, 162, ], [150, 80, 28, 88, 50, 118, 66, 112, ], [172, 66, 30, 54, 68, 144, 70, 106, ], [154, 44, 18, 46, 86, 128, 50, 82, ], ]
 S[ i ][ j ] = [[0, 34, 22, 24, 37, 32, 24, 25, 30, 37, 36, 38, 23, 32, 21, 27, 22, 26, 33, 38, ], [30, 0, 36, 38, 30, 38, 23, 35, 25, 24, 26, 35, 26, 23, 23, 33, 35, 39, 27, 36, ], [34, 21, 0, 24, 30, 34, 26, 36, 29, 27, 33, 38, 36, 36, 39, 36, 38, 25, 31, 31, ], [33, 20, 22, 0, 22, 39, 40, 40, 24, 28, 30, 20, 26, 39, 20, 35, 38, 38, 36, 36, ], [35, 20, 23, 25, 0, 35, 29, 38, 31, 40, 21, 30, 21, 26, 29, 29, 38, 36, 23, 21, ], [34, 36, 35, 35, 39, 0, 24, 29, 31, 27, 33, 34, 29, 34, 32, 35, 40, 21, 25, 21, ], [40, 26, 23, 38, 32, 25, 0, 36, 32, 40, 21, 22, 31, 25, 37, 35, 38, 35, 21, 27, ], [38, 36, 32, 22, 37, 22, 22, 0, 23, 21, 26, 40, 40, 29, 39, 38, 37, 24, 24, 40, ], [33, 32, 28, 35, 32, 25, 33, 36, 0, 40, 33, 30, 33, 30, 26, 25, 31, 30, 33, 26, ], [37, 38, 39, 39, 34, 25, 31, 29, 27, 0, 31, 21, 21, 20, 37, 23, 30, 30, 20, 21, ], [34, 29, 25, 21, 37, 27, 26, 22, 20, 36, 0, 22, 26, 24, 24, 32, 38, 35, 29, 30, ], [37, 31, 33, 29, 38, 25, 40, 36, 28, 20, 24, 0, 24, 22, 20, 21, 21, 20, 28, 31, ], [28, 32, 22, 33, 38, 26, 35, 22, 36, 33, 27, 32, 0, 22, 28, 37, 24, 22, 31, 30, ], [33, 39, 38, 36, 32, 33, 36, 21, 35, 24, 38, 27, 21, 0, 29, 30, 37, 32, 23, 25, ], [31, 33, 31, 40, 30, 39, 26, 39, 31, 25, 26, 35, 28, 38, 0, 24, 36, 28, 22, 27, ], [36, 38, 25, 27, 39, 30, 36, 35, 38, 25, 28, 21, 32, 40, 32, 0, 33, 32, 26, 31, ], [22, 38, 38, 31, 30, 30, 35, 33, 25, 34, 26, 22, 32, 26, 26, 34, 0, 22, 22, 25, ], [34, 37, 31, 34, 23, 38, 20, 36, 26, 39, 32, 25, 35, 25, 32, 34, 35, 0, 22, 23, ], [32, 38, 37, 22, 40, 22, 38, 37, 38, 32, 33, 23, 27, 40, 28, 22, 29, 30, 0, 20, ], [27, 35, 40, 27, 30, 31, 21, 34, 37, 39, 36, 22, 40, 31, 36, 28, 40, 21, 23, 0, ], ]
 e[ k ] = [19, 9, 16, 6, 24, 6, 5, 17, ]
 s_0j[ j ] = [36, 30, 37, 23, 39, 33, 30, 24, 26, 39, 32, 24, 29, 23, 33, 40, 33, 25, 35, 25, ]
