Nbj = 25
Nbl = 6
Nbm = 3
 p[ j ] = [73, 94, 19, 53, 82, 12, 22, 55, 74, 99, 17, 31, 29, 54, 74, 17, 89, 35, 1, 14, 44, 23, 66, 7, 9, ]
 c[ k ] = [110, 100, 100, 80, 140, 70, ]
 r_jk = [[45, 20, 8, 63, 88, 73, ], [42, 59, 52, 39, 47, 58, ], [70, 62, 64, 67, 65, 29, ], [38, 26, 10, 57, 84, 77, ], [59, 6, 13, 77, 102, 74, ], [48, 97, 85, 24, 13, 94, ], [87, 51, 62, 92, 96, 21, ], [56, 18, 23, 69, 88, 57, ], [32, 70, 59, 22, 36, 74, ], [66, 97, 90, 48, 21, 73, ], [77, 90, 88, 65, 46, 50, ], [111, 92, 100, 106, 95, 21, ], [44, 21, 13, 60, 84, 69, ], [24, 83, 68, 4, 40, 100, ], [67, 95, 89, 49, 24, 70, ], [41, 23, 8, 60, 86, 76, ], [74, 106, 99, 54, 22, 78, ], [70, 6, 24, 88, 111, 74, ], [20, 64, 51, 18, 45, 81, ], [68, 100, 93, 48, 19, 76, ], [55, 63, 60, 50, 50, 47, ], [27, 37, 20, 48, 78, 83, ], [63, 96, 89, 44, 17, 75, ], [93, 79, 85, 89, 79, 16, ], [77, 90, 88, 64, 45, 51, ], ]
 d[ j ][ k ] = [[90, 40, 16, 126, 176, 146, ], [84, 118, 104, 78, 94, 116, ], [140, 124, 128, 134, 130, 58, ], [76, 52, 20, 114, 168, 154, ], [118, 12, 26, 154, 204, 148, ], [96, 194, 170, 48, 26, 188, ], [174, 102, 124, 184, 192, 42, ], [112, 36, 46, 138, 176, 114, ], [64, 140, 118, 44, 72, 148, ], [132, 194, 180, 96, 42, 146, ], [154, 180, 176, 130, 92, 100, ], [222, 184, 200, 212, 190, 42, ], [88, 42, 26, 120, 168, 138, ], [48, 166, 136, 8, 80, 200, ], [134, 190, 178, 98, 48, 140, ], [82, 46, 16, 120, 172, 152, ], [148, 212, 198, 108, 44, 156, ], [140, 12, 48, 176, 222, 148, ], [40, 128, 102, 36, 90, 162, ], [136, 200, 186, 96, 38, 152, ], [110, 126, 120, 100, 100, 94, ], [54, 74, 40, 96, 156, 166, ], [126, 192, 178, 88, 34, 150, ], [186, 158, 170, 178, 158, 32, ], [154, 180, 176, 128, 90, 102, ], ]
 S[ i ][ j ] = [[0, 20, 21, 33, 23, 37, 30, 32, 22, 30, 20, 30, 40, 32, 22, 35, 31, 40, 22, 29, 25, 35, 40, 39, 34, ], [39, 0, 33, 39, 31, 24, 30, 39, 36, 39, 30, 23, 22, 35, 26, 32, 37, 20, 36, 23, 28, 25, 22, 39, 34, ], [40, 21, 0, 33, 25, 25, 25, 25, 35, 27, 33, 24, 24, 20, 23, 39, 26, 36, 40, 38, 31, 33, 37, 38, 26, ], [38, 31, 35, 0, 25, 28, 21, 32, 31, 22, 27, 31, 36, 32, 21, 20, 29, 26, 26, 39, 22, 22, 40, 28, 38, ], [39, 29, 32, 38, 0, 22, 32, 33, 36, 38, 39, 38, 36, 36, 39, 27, 32, 24, 24, 33, 28, 39, 37, 37, 37, ], [20, 22, 20, 31, 23, 0, 31, 31, 34, 40, 21, 35, 23, 36, 22, 38, 34, 35, 33, 40, 37, 33, 28, 33, 24, ], [26, 39, 30, 23, 32, 39, 0, 37, 29, 30, 23, 29, 34, 21, 32, 24, 25, 22, 34, 32, 22, 26, 25, 33, 27, ], [30, 31, 24, 27, 22, 32, 22, 0, 20, 22, 25, 20, 35, 30, 25, 24, 39, 28, 31, 35, 20, 29, 31, 30, 30, ], [38, 39, 20, 34, 27, 28, 36, 31, 0, 21, 22, 21, 28, 24, 25, 38, 40, 22, 34, 36, 21, 21, 38, 34, 28, ], [34, 27, 31, 33, 27, 33, 23, 30, 34, 0, 34, 24, 30, 21, 24, 25, 34, 38, 32, 33, 21, 38, 23, 40, 37, ], [37, 37, 40, 30, 37, 26, 35, 39, 30, 40, 0, 34, 34, 27, 25, 32, 27, 22, 31, 37, 33, 28, 40, 25, 40, ], [21, 31, 23, 36, 28, 28, 32, 38, 20, 25, 26, 0, 20, 32, 21, 32, 20, 38, 34, 39, 33, 34, 34, 26, 38, ], [36, 39, 40, 23, 27, 22, 28, 39, 34, 26, 27, 24, 0, 39, 39, 32, 40, 34, 33, 30, 31, 23, 28, 20, 21, ], [22, 36, 33, 23, 40, 27, 24, 23, 24, 30, 33, 34, 23, 0, 21, 30, 37, 21, 20, 29, 27, 20, 28, 28, 29, ], [22, 26, 22, 31, 24, 25, 25, 24, 26, 28, 21, 29, 27, 26, 0, 39, 24, 30, 22, 26, 39, 28, 32, 31, 32, ], [20, 28, 36, 21, 26, 35, 29, 38, 37, 26, 37, 30, 25, 23, 37, 0, 27, 32, 25, 40, 30, 21, 29, 33, 31, ], [34, 38, 20, 31, 39, 35, 33, 34, 21, 25, 24, 39, 23, 20, 31, 28, 0, 30, 29, 39, 24, 37, 32, 22, 26, ], [27, 29, 20, 26, 22, 38, 24, 30, 20, 21, 21, 26, 27, 38, 32, 37, 38, 0, 36, 25, 33, 37, 24, 33, 36, ], [21, 21, 29, 39, 20, 37, 33, 24, 25, 33, 38, 35, 28, 26, 38, 39, 39, 26, 0, 31, 28, 38, 28, 22, 32, ], [24, 22, 24, 26, 37, 29, 32, 32, 40, 29, 39, 32, 22, 21, 37, 34, 26, 23, 26, 0, 38, 39, 36, 20, 23, ], [35, 34, 35, 24, 27, 38, 21, 38, 25, 29, 39, 25, 34, 28, 33, 22, 24, 36, 36, 22, 0, 31, 38, 30, 31, ], [38, 38, 30, 22, 39, 27, 28, 25, 26, 23, 40, 38, 26, 33, 35, 20, 20, 35, 30, 37, 33, 0, 34, 37, 34, ], [29, 23, 30, 34, 30, 23, 33, 34, 34, 31, 28, 33, 22, 31, 33, 26, 26, 23, 35, 22, 37, 34, 0, 26, 22, ], [33, 25, 25, 35, 37, 27, 30, 29, 30, 28, 35, 36, 31, 20, 39, 39, 35, 22, 40, 32, 32, 26, 34, 0, 38, ], [27, 24, 28, 22, 38, 36, 39, 25, 23, 33, 38, 27, 32, 20, 32, 32, 32, 31, 34, 23, 35, 30, 20, 33, 0, ], ]
 e[ k ] = [20, 21, 14, 9, 14, 27, ]
 s_0j[ j ] = [38, 33, 22, 25, 21, 40, 24, 26, 37, 20, 30, 37, 39, 38, 30, 34, 25, 36, 39, 35, 32, 22, 26, 33, 33, ]
