Nbj = 15
Nbl = 10
Nbm = 5
 p[ j ] = [63, 61, 83, 77, 84, 14, 94, 18, 5, 9, 75, 34, 80, 6, 36, ]
 c[ k ] = [60, 70, 50, 60, 80, 70, 90, 70, 110, 40, ]
 r_jk = [[39, 66, 12, 23, 65, 75, 52, 30, 38, 21, ], [24, 17, 52, 82, 60, 96, 62, 33, 33, 48, ], [45, 9, 68, 96, 47, 86, 54, 52, 37, 67, ], [87, 72, 87, 98, 24, 27, 31, 87, 60, 94, ], [64, 77, 45, 42, 51, 44, 35, 58, 46, 55, ], [44, 25, 56, 80, 23, 61, 29, 48, 21, 59, ], [77, 90, 56, 46, 60, 43, 44, 70, 59, 66, ], [46, 52, 39, 53, 31, 46, 18, 43, 22, 46, ], [39, 69, 10, 21, 72, 82, 59, 30, 42, 18, ], [86, 83, 77, 79, 38, 7, 29, 83, 60, 85, ], [72, 96, 45, 21, 80, 71, 64, 63, 65, 53, ], [63, 62, 55, 64, 26, 29, 10, 60, 37, 63, ], [26, 12, 48, 77, 45, 80, 47, 33, 20, 47, ], [98, 101, 83, 77, 59, 23, 47, 94, 75, 92, ], [65, 38, 78, 100, 22, 60, 36, 69, 43, 81, ], ]
 d[ j ][ k ] = [[78, 132, 24, 46, 130, 150, 104, 60, 76, 42, ], [48, 34, 104, 164, 120, 192, 124, 66, 66, 96, ], [90, 18, 136, 192, 94, 172, 108, 104, 74, 134, ], [174, 144, 174, 196, 48, 54, 62, 174, 120, 188, ], [128, 154, 90, 84, 102, 88, 70, 116, 92, 110, ], [88, 50, 112, 160, 46, 122, 58, 96, 42, 118, ], [154, 180, 112, 92, 120, 86, 88, 140, 118, 132, ], [92, 104, 78, 106, 62, 92, 36, 86, 44, 92, ], [78, 138, 20, 42, 144, 164, 118, 60, 84, 36, ], [172, 166, 154, 158, 76, 14, 58, 166, 120, 170, ], [144, 192, 90, 42, 160, 142, 128, 126, 130, 106, ], [126, 124, 110, 128, 52, 58, 20, 120, 74, 126, ], [52, 24, 96, 154, 90, 160, 94, 66, 40, 94, ], [196, 202, 166, 154, 118, 46, 94, 188, 150, 184, ], [130, 76, 156, 200, 44, 120, 72, 138, 86, 162, ], ]
 S[ i ][ j ] = [[0, 29, 23, 26, 20, 38, 33, 26, 28, 20, 21, 21, 23, 37, 33, ], [30, 0, 23, 25, 27, 21, 23, 32, 31, 24, 38, 27, 25, 24, 38, ], [36, 20, 0, 22, 34, 34, 28, 40, 39, 21, 36, 23, 27, 21, 31, ], [29, 38, 21, 0, 20, 36, 25, 30, 25, 37, 29, 35, 22, 32, 36, ], [25, 23, 35, 32, 0, 32, 38, 24, 35, 26, 25, 34, 34, 40, 39, ], [39, 31, 25, 33, 35, 0, 32, 24, 32, 27, 33, 37, 34, 31, 24, ], [37, 23, 36, 27, 40, 30, 0, 24, 28, 29, 36, 25, 32, 38, 26, ], [30, 33, 40, 30, 29, 22, 25, 0, 37, 33, 22, 24, 37, 22, 22, ], [30, 39, 34, 31, 29, 32, 38, 29, 0, 37, 21, 35, 35, 35, 31, ], [29, 37, 35, 26, 35, 23, 21, 28, 36, 0, 23, 40, 39, 33, 38, ], [26, 25, 22, 32, 29, 25, 29, 36, 24, 21, 0, 21, 25, 27, 23, ], [37, 28, 34, 28, 21, 32, 20, 28, 29, 30, 32, 0, 38, 29, 36, ], [29, 25, 36, 20, 35, 25, 31, 20, 22, 23, 25, 32, 0, 29, 32, ], [31, 34, 25, 31, 33, 37, 38, 30, 34, 24, 21, 37, 22, 0, 30, ], [40, 26, 20, 38, 39, 37, 39, 25, 30, 22, 39, 30, 24, 25, 0, ], ]
 e[ k ] = [26, 24, 19, 8, 14, 20, 17, 26, 11, 27, ]
 s_0j[ j ] = [30, 24, 26, 23, 35, 38, 39, 32, 22, 28, 33, 33, 28, 20, 24, ]
