Nbj = 5
Nbl = 12
Nbm = 6
 p[ j ] = [57, 60, 34, 83, 76, ]
 c[ k ] = [30, 30, 40, 40, 30, 40, 40, 30, 40, 40, 30, 50, ]
 r_jk = [[14, 70, 26, 5, 64, 63, 50, 22, 28, 69, 40, 26, ], [55, 70, 74, 49, 87, 69, 8, 42, 32, 53, 16, 30, ], [74, 57, 83, 63, 82, 59, 22, 62, 54, 36, 39, 42, ], [43, 46, 20, 28, 35, 38, 55, 47, 49, 52, 53, 32, ], [94, 16, 80, 79, 49, 25, 64, 90, 86, 18, 77, 64, ], ]
 d[ j ][ k ] = [[28, 140, 52, 10, 128, 126, 100, 44, 56, 138, 80, 52, ], [110, 140, 148, 98, 174, 138, 16, 84, 64, 106, 32, 60, ], [148, 114, 166, 126, 164, 118, 44, 124, 108, 72, 78, 84, ], [86, 92, 40, 56, 70, 76, 110, 94, 98, 104, 106, 64, ], [188, 32, 160, 158, 98, 50, 128, 180, 172, 36, 154, 128, ], ]
 S[ i ][ j ] = [[0, 20, 21, 25, 26, ], [24, 0, 26, 36, 30, ], [26, 39, 0, 33, 26, ], [25, 33, 32, 0, 27, ], [27, 29, 21, 28, 0, ], ]
 e[ k ] = [17, 28, 29, 15, 18, 18, 17, 28, 30, 20, 27, 12, ]
 s_0j[ j ] = [25, 28, 20, 36, 26, ]
